subject_id	c1	c2	c3	c4	c5	c6	c7	c8	c9	c10	c11	c12	c13	c14	c15	c16	c17	c18	c19	c20	c21	c22	c23	c24
1	6	6	6	6	6	6	1	1	6	6	6	6	1	1	6	6	6	6	1	1	1	1	6	6
2	6	6	6	6	6	6	6	6	6	6	6	6	6	6	6	6	6	6	1	6	6	6	6	6
3	1	1	1	1	1	1	1	1	1	1	1	1	1	1	1	1	1	1	1	1	1	1	1	1
4	1	1	1	1	1	1	1	2	2	1	1	3	3	3	3	3	3	3	1	2	5	2	2	2
5	1	1	1	1	1	5	1	1	4	1	6	6	1	1	1	6	6	6	1	6	6	6	6	6
6	3	3	4	5	3	3	3	3	3	3	3	3	3	3	3	3	3	3	3	3	3	3	3	3
7	1	1	1	1	6	6	1	1	1	6	6	6	1	1	6	6	6	6	1	1	1	6	6	6
8	6	6	6	6	6	6	1	6	6	6	6	6	6	6	6	6	6	6	1	6	6	6	6	6
9	6	6	6	6	6	6	1	6	6	6	6	6	6	6	6	6	6	6	1	1	1	6	6	6
10	1	1	1	1	1	6	1	1	1	1	6	6	1	1	1	1	6	6	1	1	1	1	6	6
11	6	6	6	6	6	6	1	6	6	6	6	6	6	6	6	6	6	6	1	6	6	6	6	6
12	6	6	6	6	6	6	1	6	6	6	6	6	6	6	6	6	6	6	1	5	5	6	6	6
13	1	1	6	6	6	6	1	1	6	6	6	6	1	1	1	6	6	6	1	1	6	6	6	6
14	4	4	3	3	3	3	4	4	3	3	3	6	4	4	3	3	3	6	4	4	4	6	6	6
15	1	1	1	1	1	1	1	1	1	1	1	6	1	1	1	1	1	6	1	1	1	1	6	6
16	1	1	1	6	6	6	1	1	6	6	6	6	1	1	6	6	6	6	1	1	6	6	6	6
17	1	1	1	1	6	6	1	1	6	6	6	6	1	1	1	6	6	6	1	1	1	6	6	6
18	6	3	1	1	2	3	1	6	1	3	3	4	4	6	1	3	3	5	1	2	3	5	3	6
19	6	6	6	6	6	6	3	6	6	6	6	6	6	6	6	6	6	6	3	6	6	6	6	6
20	1	1	1	1	1	6	1	1	1	2	6	6	1	1	1	3	3	6	1	1	1	2	6	6
21	6	6	6	6	6	6	1	6	6	6	6	6	6	6	6	6	6	6	1	1	6	6	6	6
22	6	6	6	6	6	6	1	6	6	6	6	6	6	6	6	6	6	6	1	6	6	6	6	6
23	6	6	6	6	6	6	1	6	6	6	6	6	1	1	1	1	2	6	1	1	1	5	6	6
24	6	6	6	6	6	6	1	6	6	6	6	6	6	6	6	6	6	6	1	6	6	6	6	6
25	1	5	4	3	2	4	1	3	1	1	1	1	1	1	1	1	1	1	1	1	1	1	1	1
26	1	1	1	1	1	1	4	4	5	4	5	5	5	5	5	5	5	5	5	5	5	4	5	5
27	6	6	6	6	6	6	1	1	3	6	6	6	1	1	3	6	6	6	1	1	3	6	6	6
28	6	6	6	6	6	6	4	6	5	6	6	6	5	5	5	5	6	6	1	5	5	6	6	6
29	6	6	6	6	6	6	1	5	5	6	6	6	1	1	6	5	6	6	1	1	6	6	5	6
30	1	1	1	1	1	1	1	1	1	1	1	1	1	1	1	1	1	1	1	1	1	1	1	1
31	1	1	6	6	1	6	1	1	1	6	6	6	1	6	1	6	1	6	1	1	3	1	1	1
32	2	4	2	4	3	3	4	4	2	2	5	2	2	2	5	2	5	3	5	2	5	3	2	5
33	1	1	1	6	6	6	1	1	1	6	6	6	1	1	1	6	6	6	1	1	3	4	3	6
34	6	6	6	6	6	6	1	6	6	6	6	6	6	6	6	6	6	6	6	6	6	6	6	6
35	3	3	3	3	3	6	5	2	3	5	6	6	3	3	3	3	3	6	3	3	3	6	6	6
36	1	6	6	6	6	6	1	1	6	6	6	6	1	1	6	6	6	6	1	1	1	6	6	6
37	5	1	1	2	3	4	3	3	2	2	3	2	1	1	3	2	1	2	2	1	3	3	2	1
38	6	6	6	6	6	6	5	6	6	6	6	6	4	6	6	6	6	6	4	6	5	5	6	6
39	1	1	1	1	1	6	1	1	1	1	1	1	1	1	1	1	1	6	1	1	1	1	6	6
40	1	1	1	6	6	6	1	1	1	6	6	6	1	1	1	6	6	6	1	1	1	1	1	6
41	1	1	1	1	1	1	1	1	1	1	1	1	1	1	1	1	1	1	1	1	1	1	1	1
42	3	3	3	3	3	3	1	1	1	1	1	1	3	3	3	3	3	3	3	3	3	3	3	3
43	1	1	1	1	6	6	1	1	1	6	6	6	1	1	1	1	6	6	1	1	1	6	6	6
44	1	1	1	1	1	1	1	1	1	1	1	1	1	1	1	1	1	1	1	1	1	1	1	1
45	6	1	1	1	1	1	1	6	6	6	6	6	6	6	6	6	6	6	1	6	6	6	6	6
46	1	1	1	1	1	1	1	1	1	1	1	1	1	1	1	1	1	1	1	1	1	1	1	1
47	1	5	6	6	6	6	1	6	6	6	6	6	6	6	6	6	6	6	6	6	6	6	6	6
48	1	1	1	1	6	6	1	6	1	6	6	6	1	6	1	1	1	1	1	1	1	1	1	1
49	2	4	3	1	4	5	3	3	3	5	2	2	2	1	5	3	5	2	5	3	1	5	5	2
50	1	1	1	6	6	6	1	6	6	6	5	6	1	6	6	6	6	6	6	6	6	6	6	6
51	6	6	6	6	6	6	1	6	6	6	6	6	6	6	6	6	6	6	1	6	6	6	6	6
52	1	6	3	1	6	3	1	6	1	3	6	6	1	6	4	6	4	6	3	1	6	4	6	6
53	6	6	6	6	6	6	6	6	6	6	6	6	1	1	1	1	1	1	6	6	6	6	6	6
54	1	1	1	1	6	1	1	3	6	6	3	6	1	6	6	6	6	6	2	4	2	2	6	6
55	5	2	2	5	2	2	2	5	2	2	5	2	2	5	2	2	5	2	5	3	2	5	2	6
56	3	3	4	3	3	3	3	3	3	3	3	3	3	6	3	3	3	6	3	3	3	3	6	1
57	1	4	1	2	1	1	1	3	2	1	2	1	3	2	2	1	1	2	1	2	2	1	1	1
58	6	6	6	6	6	6	6	6	6	6	6	6	6	6	6	6	6	6	1	6	6	6	6	6
59	1	1	1	1	1	1	2	1	1	3	1	2	3	1	3	2	2	2	2	2	3	5	5	5
60	1	1	1	6	6	6	1	1	1	6	6	6	6	6	6	6	6	6	1	6	6	6	6	6
61	5	6	5	5	3	1	6	1	5	1	5	5	4	5	5	3	6	5	5	5	1	5	5	2
62	6	6	2	6	2	5	5	2	4	3	6	2	5	2	5	2	6	2	5	2	5	2	6	2
63	1	1	2	6	6	6	1	1	1	4	6	6	1	1	2	3	6	6	1	1	1	3	6	6
64	6	6	6	6	6	6	6	6	6	6	6	6	6	6	6	6	6	6	6	6	6	6	6	6
65	5	4	5	5	4	2	1	1	5	5	2	4	1	5	5	3	1	5	4	5	4	2	5	2
66	4	2	6	3	4	2	4	6	2	5	2	3	4	3	6	2	2	6	3	2	6	2	6	5
67	4	2	5	5	3	2	5	2	2	3	4	2	2	6	3	4	2	1	2	5	1	5	2	6
68	5	3	5	5	5	5	1	1	5	5	1	5	1	1	1	1	1	1	1	1	1	1	1	1
69	6	6	6	6	6	6	1	6	6	6	6	6	6	6	6	6	6	6	6	6	6	6	6	6
70	1	6	6	6	6	6	6	6	6	6	6	6	1	6	6	6	6	6	1	6	6	6	6	6
71	6	6	6	6	6	6	3	4	4	2	1	6	3	3	3	2	3	3	4	4	3	3	3	2
72	6	1	1	1	1	6	1	1	1	1	6	6	1	1	1	1	6	6	1	1	1	1	6	6
73	1	1	1	1	1	1	1	1	1	1	1	1	1	1	1	1	1	1	1	1	1	1	1	1
74	1	1	6	6	6	6	1	1	6	6	6	6	6	6	6	6	6	6	1	1	6	6	6	6
75	1	4	4	4	1	1	1	4	4	4	4	4	1	4	1	5	2	1	4	1	4	1	5	4
76	6	6	6	6	6	6	6	6	6	6	6	6	6	6	6	6	6	6	6	6	6	6	6	6
77	1	1	6	6	6	6	1	1	6	6	6	6	1	1	6	6	6	6	1	1	6	6	6	6
78	6	6	6	6	6	6	6	6	6	6	6	6	6	6	6	6	6	6	6	6	6	6	6	6
79	1	1	1	6	6	6	1	1	1	6	6	6	1	1	6	6	6	6	1	1	1	6	6	6
80	1	1	6	6	6	6	1	1	1	1	6	6	1	1	1	6	6	6	1	1	1	6	6	6
81	6	1	6	3	4	2	6	4	2	4	6	6	4	6	1	6	2	6	6	6	5	5	5	6
82	1	3	6	6	6	6	1	1	4	6	6	6	1	6	6	6	6	6	1	1	6	6	6	6
83	1	1	1	1	1	1	1	1	1	1	1	1	1	1	1	1	1	1	1	1	1	1	1	1
84	6	6	6	6	6	6	1	6	6	6	6	6	6	6	6	6	6	6	1	6	6	6	6	6
85	1	1	1	1	1	1	1	1	2	1	1	1	1	1	1	1	1	1	1	1	1	1	1	2
86	1	1	6	6	6	6	1	1	6	6	6	6	1	1	6	6	6	6	1	1	6	6	6	6
87	6	6	6	6	6	6	6	6	6	6	6	6	1	1	6	6	6	6	1	1	1	6	6	6
88	6	6	6	6	6	6	6	6	6	6	6	6	6	6	6	6	6	6	6	6	6	6	6	6
89	4	4	3	2	2	3	2	5	3	2	5	1	4	6	6	6	3	3	3	5	2	5	2	4
90	1	3	6	6	6	6	1	1	2	6	6	6	3	3	6	6	6	6	1	2	3	6	6	6
91	3	3	4	2	6	5	2	2	2	5	3	2	2	3	4	6	2	4	2	2	3	2	6	2
92	6	6	6	6	6	6	6	6	6	6	6	6	6	6	6	6	6	6	1	6	6	6	6	6
93	1	1	1	1	1	1	1	1	1	1	1	1	1	1	1	1	1	1	1	1	1	1	1	1
94	4	2	5	2	1	5	1	6	1	4	5	1	4	2	2	4	2	4	4	4	1	6	1	5
95	3	3	3	3	3	3	1	3	3	3	6	6	3	6	6	3	3	6	3	3	6	3	6	6
96	1	1	1	1	1	1	1	1	1	1	1	6	3	1	3	3	3	2	3	2	2	2	2	2
97	6	6	6	6	6	6	1	6	6	6	6	6	6	6	6	6	6	6	1	6	6	6	6	6
98	2	5	6	6	5	5	4	1	1	5	6	3	2	2	2	3	1	6	4	1	5	5	5	4
99	1	1	1	1	1	1	1	1	1	1	1	1	1	1	1	1	1	1	1	1	1	1	1	1
100	1	2	1	1	1	1	1	1	1	1	1	1	1	1	1	1	1	1	1	1	1	1	1	1
101	6	6	6	6	6	6	1	1	6	6	6	6	6	6	6	6	6	6	1	1	1	1	6	6
102	1	6	1	3	6	1	1	1	5	1	6	1	4	1	5	1	5	1	4	1	6	1	5	1
103	6	6	6	6	6	6	1	6	6	6	6	6	6	6	6	6	6	6	1	6	6	6	6	6
104	6	6	6	6	6	6	1	6	6	6	6	6	1	6	6	6	6	6	1	6	6	6	6	6
105	1	1	4	2	5	2	5	5	2	5	2	6	6	3	5	3	4	4	6	1	6	6	6	6
106	1	1	1	1	1	1	1	1	1	1	1	1	6	6	6	6	6	6	6	6	6	6	6	6
107	5	1	1	1	6	6	4	4	5	5	5	5	5	3	2	1	5	5	4	5	5	5	5	5
108	1	1	1	4	2	4	1	6	4	1	1	4	1	5	4	2	2	3	1	1	4	1	4	1
109	1	4	4	5	5	6	1	6	6	5	6	6	1	4	5	6	5	6	1	5	5	5	6	6
110	4	.	.	.	3	5	1	4	2	3	4	2	2	2	5	2	2	6	2	3	6	3	4	4
111	1	3	4	4	6	6	1	5	6	4	3	4	1	4	4	4	6	6	1	1	1	1	6	6
112	1	3	1	5	1	6	1	1	2	6	2	3	2	6	2	6	1	3	6	1	2	5	2	3
113	3	3	3	3	3	3	3	3	3	3	3	3	3	3	3	3	3	3	3	3	3	3	3	3
114	1	1	1	1	1	2	1	1	1	1	1	2	1	1	1	1	1	1	1	1	1	1	1	1
115	6	6	6	6	6	6	1	6	6	6	6	6	6	6	6	6	6	6	4	6	6	6	6	6
116	1	1	1	1	1	1	1	1	1	1	1	1	1	1	1	1	1	1	1	1	1	1	1	1
117	1	1	1	1	1	1	1	1	1	1	1	1	1	1	1	1	1	1	1	1	1	1	1	1
118	1	1	1	4	6	6	1	1	6	6	6	6	1	6	6	6	6	6	1	1	6	6	6	6
119	1	6	6	6	6	6	1	6	6	6	6	6	1	6	6	6	6	6	1	6	6	6	6	6
120	6	6	6	6	6	6	1	6	6	6	6	6	6	6	6	6	6	6	1	6	6	6	6	6
121	3	3	3	6	6	6	4	4	4	4	6	6	2	3	3	3	3	2	2	4	3	3	6	6
122	6	6	6	6	6	6	1	6	6	6	6	6	6	6	6	6	6	6	1	6	6	6	6	6
123	1	6	5	5	6	6	1	3	4	5	6	6	1	3	4	5	6	6	1	3	4	5	6	6
124	6	6	6	6	6	6	1	6	6	6	6	6	6	6	6	6	6	6	6	6	6	6	6	6
125	1	1	1	3	4	6	1	1	2	3	4	6	1	1	2	4	4	6	1	1	1	2	3	6
126	1	1	1	1	1	1	1	1	1	1	1	1	1	1	1	1	1	1	1	1	1	1	1	1
127	1	1	1	1	1	1	1	1	1	1	1	1	1	1	1	1	1	1	1	1	1	1	1	1
128	6	6	6	6	6	6	1	6	6	6	6	6	1	1	6	6	6	6	1	1	6	6	6	6
129	3	3	3	3	3	3	3	3	3	3	3	3	3	3	3	3	3	3	3	3	4	3	2	3
130	6	6	6	6	6	6	1	6	6	6	6	6	6	6	6	6	6	6	1	6	6	6	6	6
131	1	1	1	1	1	1	1	1	1	1	1	1	1	1	1	1	1	1	1	1	1	3	3	3
132	1	1	2	1	1	1	1	1	1	1	6	6	1	1	1	1	1	6	1	1	1	6	6	6
133	6	6	6	6	6	6	1	6	6	6	6	6	6	6	6	6	6	6	3	6	6	6	6	6
134	6	6	6	6	6	6	1	6	6	6	6	6	6	6	6	6	6	6	1	6	6	6	6	6
135	1	4	5	5	4	6	1	6	6	6	6	6	1	4	5	5	6	6	1	6	6	6	6	6
136	6	6	1	5	5	5	5	5	5	6	5	4	4	4	5	5	4	5	5	5	5	5	4	4
137	6	6	6	6	6	6	1	6	6	6	6	6	6	6	6	6	6	6	6	6	6	6	6	6
138	4	1	3	6	6	6	1	1	1	1	3	3	6	6	6	6	6	6	1	1	1	1	3	3
139	1	1	1	1	1	6	1	1	1	6	6	6	4	6	1	6	6	6	1	1	6	6	6	6
140	6	6	6	6	6	6	1	6	6	6	6	6	6	6	6	6	6	6	1	6	6	6	6	6
141	4	4	4	4	4	4	4	4	4	4	4	4	4	4	4	4	4	4	4	4	4	4	4	4
142	2	1	3	2	1	2	6	1	1	1	5	1	1	6	6	6	6	6	6	1	6	6	6	6
143	2	5	2	3	2	5	5	2	3	4	2	6	6	2	2	5	4	5	1	3	4	6	5	4
144	1	1	1	1	1	1	1	1	1	1	1	1	1	1	1	1	1	1	1	1	1	1	1	1
145	5	3	4	4	4	4	4	3	4	4	4	4	4	3	4	5	4	4	5	4	4	4	4	4
146	5	5	5	5	5	5	1	6	6	6	6	6	6	6	6	6	6	6	1	6	6	6	6	6
147	6	6	1	2	6	4	6	6	6	3	3	3	6	3	1	5	1	3	1	4	3	2	5	4
148	1	1	1	1	1	1	3	4	4	3	3	3	4	4	3	3	1	1	1	1	1	1	1	1
149	6	6	6	6	6	6	6	6	6	6	6	6	6	6	6	6	6	6	6	6	6	6	6	6
150	3	3	3	2	3	2	3	3	3	3	3	3	3	3	3	3	3	3	4	3	3	3	3	3
151	1	1	1	1	1	1	1	1	1	1	1	1	1	1	1	1	1	1	1	1	1	1	1	1
152	6	6	6	6	6	6	1	6	6	6	6	6	6	6	6	6	6	6	1	6	6	6	6	6
153	1	1	1	6	6	6	4	1	3	6	6	6	1	1	1	6	6	6	1	1	1	1	6	6
154	6	6	6	6	6	6	2	6	6	6	6	6	6	6	6	6	6	6	6	6	6	6	6	6
155	1	1	1	1	6	6	1	1	1	1	1	6	1	1	1	1	1	6	1	1	1	1	1	6
156	6	6	6	6	6	6	1	1	6	6	6	6	1	6	6	6	6	6	1	1	6	6	6	6
157	6	6	1	1	1	6	1	1	1	1	6	6	1	1	1	1	5	6	1	1	1	1	6	6
158	1	6	6	6	6	6	1	5	5	5	5	5	5	5	4	5	5	5	4	4	4	4	3	4
159	1	1	1	1	1	6	1	1	1	6	6	6	1	1	1	1	6	6	1	1	1	6	6	6
160	6	6	6	6	6	6	6	6	6	6	6	6	6	6	6	6	6	6	1	1	1	1	1	1
161	1	1	1	1	2	6	1	1	1	1	1	6	1	1	1	1	1	1	1	1	1	1	1	6
162	5	3	5	3	2	2	2	3	2	2	2	4	3	3	2	2	3	2	2	3	3	3	2	3
163	1	1	1	1	1	6	1	1	1	1	6	6	1	1	1	1	1	6	1	1	1	1	6	6
164	6	6	6	6	6	6	1	6	6	6	6	6	6	6	6	6	6	6	1	6	6	6	6	6
165	1	6	6	6	6	6	6	6	6	6	6	6	2	5	5	6	5	6	6	3	5	5	6	6
166	4	4	3	3	3	6	3	6	6	6	6	6	6	6	6	6	6	6	1	6	6	6	6	6
167	6	6	6	6	6	6	3	4	5	6	6	6	5	5	5	5	5	5	3	5	5	5	5	5
168	6	6	6	6	6	6	1	1	5	2	6	6	1	4	1	1	6	6	1	1	1	6	6	6
169	3	3	3	4	4	3	4	3	4	3	3	3	3	4	3	3	3	3	4	4	3	3	2	3
170	1	1	1	1	1	6	1	1	1	1	6	6	1	1	1	3	3	6	1	1	1	1	3	6
171	6	6	6	6	6	6	6	6	6	6	6	6	6	6	6	6	6	6	6	6	6	6	6	6
172	1	1	1	1	1	1	1	1	1	1	1	1	1	1	1	1	1	1	1	1	1	1	1	1
173	1	2	6	6	6	6	6	5	5	5	5	6	5	5	6	6	5	6	5	6	5	5	6	6
174	5	3	3	5	4	4	5	5	5	5	4	4	4	5	5	5	4	4	4	4	4	4	5	4
175	1	1	1	6	6	6	1	1	1	6	6	6	1	1	1	6	6	6	1	1	1	6	6	6
176	6	6	6	6	6	6	6	6	6	6	6	6	6	6	6	6	6	6	6	6	6	6	6	6
177	1	1	1	1	6	6	1	1	1	1	6	6	1	1	1	6	6	6	1	1	1	6	6	6
178	1	1	5	5	6	5	1	3	2	3	6	6	1	5	5	5	6	6	1	3	3	6	6	6
179	3	4	3	5	4	6	4	6	3	6	6	6	3	5	5	5	6	5	3	6	5	5	6	6
180	1	1	4	1	4	3	3	3	3	3	3	3	4	3	3	3	3	3	4	4	4	4	4	4
181	1	1	1	1	6	6	1	1	1	6	6	6	1	1	1	6	6	6	1	1	1	6	6	6
182	6	6	6	6	6	6	1	6	6	6	6	6	6	6	6	6	6	6	1	6	6	6	6	6
183	4	6	6	6	6	6	4	6	6	6	6	6	3	6	6	6	6	6	4	6	6	6	6	6
184	1	1	1	1	1	1	1	1	1	1	1	1	1	1	1	1	1	1	1	1	1	1	1	1
185	6	6	6	6	6	6	1	6	6	6	6	6	6	6	6	6	6	6	1	6	6	6	6	6
186	1	1	1	6	6	6	1	1	1	6	6	6	1	1	1	5	6	6	1	1	6	6	6	6
187	1	1	1	1	1	1	1	1	1	1	1	1	6	6	6	6	6	6	1	1	1	1	1	6
188	5	4	2	5	5	3	4	4	2	2	5	4	5	2	4	2	1	5	4	1	4	5	2	5
189	1	6	1	6	6	6	1	6	6	6	6	6	1	6	6	6	6	6	1	6	6	6	6	6
190	3	2	4	3	3	5	1	5	3	1	6	3	1	4	1	5	2	1	1	2	5	2	1	2
191	2	5	2	1	2	2	2	5	6	1	4	1	1	4	3	5	2	5	5	2	6	5	2	2
192	1	1	1	1	1	1	1	1	1	1	1	1	1	1	1	6	6	6	1	1	1	1	6	6
193	1	3	3	3	6	6	1	6	6	6	6	6	6	3	3	3	6	6	1	1	3	3	6	6
194	1	1	3	3	3	6	3	3	3	3	3	6	4	4	3	4	4	6	1	1	1	3	6	6
195	1	3	3	6	3	5	1	2	3	3	5	6	1	6	3	4	6	6	1	3	6	3	6	6
196	1	1	1	1	1	1	1	1	1	1	1	1	1	1	1	1	1	1	1	1	1	1	1	1
197	1	1	3	1	6	6	3	5	3	5	5	3	5	3	3	5	5	2	5	5	4	5	3	6
198	1	1	1	1	1	1	1	1	1	1	1	1	1	1	1	1	1	1	1	1	1	1	1	1
199	6	6	6	6	6	6	1	6	6	6	6	6	6	6	6	6	6	6	6	6	6	6	6	6
200	1	1	1	1	1	1	1	1	1	1	1	1	1	1	1	1	1	1	1	1	1	1	1	1
201	4	4	3	3	2	3	3	5	2	5	2	2	3	2	3	2	2	2	4	1	2	4	2	2
202	6	6	6	6	6	6	1	1	1	6	4	4	1	1	2	6	5	6	1	1	6	6	6	6
203	6	6	6	6	6	6	1	6	6	6	6	6	6	6	6	6	6	6	6	6	6	6	6	6
204	6	6	6	6	6	6	6	6	6	6	6	6	6	6	6	6	6	6	6	6	6	6	6	6
205	1	1	1	6	6	6	1	1	1	6	6	6	1	1	1	1	5	6	1	1	1	6	6	6
206	1	1	6	6	6	6	1	1	6	6	6	6	1	1	6	6	6	6	1	1	6	6	6	6
207	3	5	1	4	2	6	1	2	4	5	3	6	6	4	4	3	2	5	4	1	5	5	1	2
208	3	2	2	2	2	2	2	2	2	1	1	1	2	2	2	2	1	1	2	2	2	1	1	1
209	3	3	3	3	3	3	4	4	4	3	3	5	4	5	3	3	3	5	3	5	4	5	3	5
210	6	1	6	6	6	6	6	6	6	6	6	6	1	1	2	3	6	6	1	1	3	6	6	6
211	5	3	4	6	1	5	6	5	3	5	6	2	4	5	2	5	6	4	6	3	5	6	5	5
212	6	6	6	6	6	6	1	6	6	6	6	6	6	6	6	6	6	6	1	6	6	6	6	6
213	1	1	1	1	1	1	1	1	1	1	1	1	1	1	1	1	1	1	1	1	1	1	1	1
214	3	6	1	3	6	1	3	1	6	3	6	1	3	6	1	3	4	1	6	1	1	3	6	4
215	6	6	6	6	6	6	1	1	1	1	6	6	1	1	1	1	1	6	1	1	2	1	3	5
216	1	1	1	1	1	1	1	1	1	2	1	1	1	1	1	2	2	2	1	1	1	1	1	1
217	1	2	5	5	5	5	5	5	6	6	6	.	4	5	5	6	5	6	5	4	5	6	6	6
218	1	6	6	6	6	6	1	6	6	6	6	6	1	6	6	6	6	6	1	1	6	6	6	6
219	4	5	6	3	3	2	3	2	3	3	6	3	3	4	3	3	6	5	3	5	3	3	3	2
220	1	1	1	1	6	6	1	1	1	1	1	6	1	1	1	1	1	1	1	1	1	1	1	1
221	1	1	1	1	6	6	1	1	1	6	6	6	1	1	1	6	6	6	1	1	1	6	6	6
222	1	1	1	1	1	1	1	1	1	1	1	5	1	1	1	4	2	5	2	2	5	5	2	4
223	6	6	6	6	6	6	4	6	6	6	6	6	6	6	6	6	6	6	4	6	6	6	6	6
224	6	6	6	6	6	6	1	6	6	6	6	6	6	6	6	6	6	6	1	6	6	6	6	6
225	1	1	1	1	1	1	1	1	1	1	1	1	1	1	1	1	1	1	1	1	1	1	1	1
226	6	6	6	6	6	6	1	6	6	6	6	6	6	6	6	6	6	6	1	6	6	6	6	6
227	3	3	4	5	6	5	3	3	5	3	5	6	5	5	5	5	5	5	3	5	5	5	5	6
228	3	3	3	3	3	2	3	3	3	3	3	2	3	3	3	3	3	2	3	3	3	3	3	3
229	6	3	3	5	6	6	3	2	4	6	6	6	2	4	3	3	5	6	1	5	3	3	3	6
230	1	1	1	1	1	1	1	1	1	1	1	1	1	1	1	1	1	1	1	1	1	1	1	1
231	1	1	1	1	1	6	1	1	1	1	6	6	1	1	1	1	6	6	1	1	1	4	6	6
232	1	1	1	1	1	1	1	1	1	1	1	1	1	1	1	1	1	1	1	1	1	1	1	1
233	6	6	6	6	6	6	1	1	1	5	5	6	5	4	4	4	5	5	2	2	3	3	5	6
234	5	5	6	6	6	6	6	6	6	6	6	6	6	6	6	6	6	6	6	6	6	6	6	6
235	5	4	4	5	4	5	5	4	5	4	4	3	4	4	3	3	3	3	4	3	3	3	3	3
236	1	6	6	6	6	6	1	6	6	6	6	6	1	6	6	6	6	6	1	6	6	6	6	6
237	6	6	6	6	6	6	1	6	6	6	6	6	6	6	6	6	6	6	1	6	6	6	6	6
238	1	4	3	1	2	2	1	1	1	2	1	1	1	1	1	1	6	6	1	1	1	6	6	6
239	1	1	1	1	1	1	3	1	2	4	6	6	2	2	3	1	5	3	1	3	1	1	3	5
240	1	6	6	6	6	6	1	6	6	6	6	6	1	6	6	6	6	6	1	1	1	6	6	6
241	1	1	1	1	1	1	1	1	1	1	1	1	1	1	1	1	1	1	1	1	1	1	1	1
242	4	3	3	4	4	2	1	1	1	3	2	2	3	3	3	3	3	2	3	3	3	3	3	3
243	5	6	6	6	6	6	5	5	6	6	6	6	5	5	6	6	6	6	5	5	6	6	6	6
244	1	6	6	6	6	6	1	1	6	6	6	6	1	1	1	6	6	6	1	1	6	6	6	6
245	6	1	2	4	2	5	1	1	1	1	6	5	1	1	3	2	1	1	1	1	2	1	2	2
246	3	4	3	3	3	2	3	3	3	3	3	3	3	3	3	3	3	3	3	3	3	3	3	3
247	1	1	1	1	6	6	1	1	1	1	6	6	1	1	1	1	6	5	1	1	1	1	5	6
248	1	1	1	1	1	6	1	1	1	1	6	6	1	1	1	1	1	6	1	1	1	6	6	6
249	1	3	2	2	2	1	1	1	1	2	1	3	1	1	1	3	3	3	1	1	2	3	3	6
250	1	1	1	6	6	6	1	1	1	6	6	6	1	6	6	6	6	6	1	1	1	6	6	6
251	4	4	4	4	4	5	3	3	3	3	3	6	3	3	3	3	3	6	3	3	3	6	6	6
252	2	6	3	3	4	6	5	1	5	1	1	5	5	1	4	2	2	4	2	4	4	2	5	6
253	4	3	4	2	2	2	3	3	2	2	3	2	3	2	3	2	3	3	3	2	3	2	2	2
254	1	1	1	1	1	1	1	1	1	1	1	1	1	1	1	1	1	1	1	1	1	1	1	1
255	6	6	6	6	6	6	1	6	6	6	6	6	6	6	6	6	6	6	4	6	6	6	6	6
256	6	6	6	6	6	6	1	1	6	1	3	6	6	6	6	6	6	6	1	1	1	1	6	6
257	6	6	6	6	6	6	1	6	6	6	6	6	6	6	6	6	6	6	1	6	6	6	6	6
258	2	1	1	1	2	1	1	2	2	1	1	1	1	1	1	1	2	1	1	1	2	1	2	1
259	3	2	2	2	2	2	2	2	2	2	2	2	2	2	2	2	2	2	2	2	5	2	2	2
260	1	1	1	1	2	2	1	1	1	2	1	2	2	1	2	2	2	2	2	1	1	1	1	1
261	3	3	3	4	3	3	3	3	3	4	3	3	4	4	4	4	3	3	4	3	4	4	3	3
262	6	6	6	1	1	6	1	1	6	6	6	6	1	1	1	6	6	6	1	1	6	6	6	6
263	6	6	6	6	6	6	1	6	6	6	6	6	6	6	6	6	6	6	1	1	3	6	6	6
264	6	6	6	6	6	6	1	6	6	6	6	6	6	6	6	6	6	6	1	6	6	6	6	6
265	4	4	4	3	3	3	4	4	3	3	3	3	4	4	3	3	3	3	3	3	4	3	3	3
266	1	1	1	1	1	1	1	1	1	1	1	1	1	1	1	1	1	1	1	1	1	1	1	1
267	6	6	6	6	6	6	1	6	6	6	6	6	6	6	6	6	6	6	6	6	6	6	6	6
268	5	6	4	5	6	3	3	5	6	1	5	6	4	5	6	6	6	6	1	6	6	6	6	6
269	5	5	5	5	6	6	3	4	4	5	4	4	3	3	4	4	4	4	4	5	5	5	6	6
270	1	.	.	.	.	.	1	.	.	.	.	.	1	.	.	.	.	.	1	.	.	.	.	.
271	1	4	5	5	5	5	1	3	5	5	5	4	3	1	6	4	6	6	1	6	6	6	6	6
272	3	6	6	6	6	6	6	6	6	6	6	6	6	6	6	6	6	6	6	6	6	6	6	6
273	1	4	4	3	3	3	1	4	3	4	3	3	1	3	3	3	3	3	3	3	4	3	3	4
274	6	6	6	6	6	6	1	6	6	6	6	6	6	6	6	6	6	6	1	6	6	6	6	6
275	1	1	6	6	6	6	1	1	6	6	6	6	1	5	5	6	6	6	4	6	6	6	6	6
276	1	1	1	1	6	6	3	1	4	5	5	6	1	1	3	3	3	6	1	1	2	3	6	6
277	1	1	1	1	1	1	1	1	1	1	1	1	1	1	1	1	1	1	1	1	1	1	1	1
278	6	6	6	6	6	6	1	6	6	6	6	6	6	6	6	6	6	6	1	6	6	6	6	6
279	1	1	1	1	1	1	1	1	1	1	1	1	1	1	1	1	1	1	1	1	1	1	1	1
280	6	6	6	6	6	6	5	6	6	6	6	6	6	6	6	6	6	6	4	6	6	6	6	6
281	4	4	4	1	1	5	1	1	1	2	5	5	6	6	3	3	3	3	1	6	5	5	5	5
282	6	4	3	4	3	3	4	3	3	3	3	3	3	3	3	4	3	6	4	3	4	3	3	3
283	1	1	1	1	1	1	1	1	1	1	1	1	1	1	1	1	1	1	1	1	1	1	1	1
284	1	1	1	1	6	6	1	1	1	1	6	6	1	6	6	6	6	6	1	1	1	1	1	6
285	2	2	2	2	2	2	1	2	3	2	2	2	2	3	2	3	2	2	1	1	2	1	1	1
286	6	6	6	6	6	6	4	6	6	6	6	6	6	6	6	6	6	6	4	6	6	6	6	6
287	1	1	1	1	1	1	1	1	1	1	1	1	2	1	2	1	2	1	2	1	2	1	2	1
288	6	6	6	6	6	6	1	1	6	6	6	6	1	6	6	6	6	6	1	1	6	6	6	6
289	6	6	6	6	6	6	6	6	6	6	6	6	6	6	6	6	6	6	6	6	6	6	6	6
290	6	6	6	6	6	6	6	6	6	6	6	6	6	6	6	6	6	6	6	6	6	6	6	6
291	1	2	1	2	3	2	1	1	1	1	2	6	1	1	1	1	3	6	1	1	2	3	5	6
292	6	6	3	6	6	6	4	6	6	6	6	6	6	6	6	6	6	6	4	6	6	6	6	6
293	1	1	1	1	1	1	1	1	1	1	1	1	1	1	1	1	1	1	1	1	1	1	1	1
294	1	3	4	4	4	3	1	4	4	4	4	4	1	3	3	3	3	4	1	3	2	3	4	3
295	1	1	1	1	1	1	1	1	1	1	1	1	1	1	1	1	1	1	1	1	1	1	1	1
296	3	3	3	3	3	3	2	2	3	3	2	2	1	1	1	1	1	1	1	1	1	1	1	1
297	3	3	3	3	4	2	3	3	4	4	3	2	3	4	3	3	3	3	4	4	3	4	4	2
298	4	4	4	4	3	3	4	4	4	4	3	6	3	4	4	3	3	4	4	4	4	6	2	5
299	1	6	6	6	6	6	1	1	6	6	6	6	1	6	6	6	6	6	1	1	6	6	6	6
300	6	6	6	6	6	6	1	6	6	6	6	6	6	6	6	6	6	6	1	6	6	6	6	6
301	1	1	1	1	1	1	1	6	6	6	6	6	6	6	6	6	6	6	1	1	6	1	6	6
302	6	6	6	6	6	6	6	6	6	6	6	6	6	6	6	6	6	6	6	6	6	6	6	6
303	1	4	6	6	6	6	3	3	6	6	6	6	3	6	6	6	6	6	1	3	6	6	6	6
304	1	6	6	6	6	6	1	1	1	1	1	1	1	1	1	1	1	1	1	1	1	1	1	1
305	1	1	6	6	6	6	1	1	6	6	6	6	1	1	6	6	6	6	1	1	6	6	6	6
306	1	1	1	1	1	1	1	1	1	1	1	1	1	3	3	3	3	2	1	3	3	3	2	2
307	1	1	1	1	1	1	1	1	1	1	1	1	1	1	1	1	1	1	1	1	1	1	1	1
308	1	1	1	6	6	6	1	1	1	5	3	3	1	1	1	3	3	6	1	1	4	5	5	6
309	2	2	1	1	1	1	1	1	1	1	1	1	2	1	1	2	2	2	1	1	1	1	1	1
310	6	6	6	6	6	6	1	6	6	6	6	6	6	6	6	6	6	6	1	6	6	6	6	6
311	1	3	1	1	2	2	3	1	3	1	2	1	5	3	1	1	2	2	4	1	3	4	3	3
312	6	6	6	6	6	6	6	6	6	6	6	6	6	6	6	6	6	6	5	6	6	6	6	6
313	4	5	4	4	4	4	3	2	2	2	1	1	1	1	1	1	1	1	1	1	1	1	1	1
314	1	6	6	6	6	6	1	1	6	6	6	6	2	1	6	6	3	6	1	3	3	3	6	6
315	1	1	1	1	1	1	1	1	1	1	1	1	1	1	1	1	1	1	1	1	1	1	1	1
316	1	1	1	1	1	1	1	1	1	1	1	1	1	1	1	1	1	1	1	1	1	1	1	1
317	1	1	1	1	1	1	1	1	1	1	1	1	1	1	1	1	1	1	1	1	1	1	1	1
318	6	6	6	6	6	6	6	6	6	6	6	6	6	6	6	6	6	6	6	6	6	6	6	6
319	6	6	6	6	6	6	1	6	6	6	6	6	6	6	6	6	6	6	1	6	6	6	6	6
320	1	1	1	1	1	6	1	1	1	1	1	6	1	1	1	1	1	6	1	1	1	1	6	6
321	3	3	3	3	3	3	3	3	3	3	3	3	3	3	3	3	3	3	3	3	3	3	3	3
322	2	4	6	3	4	3	2	3	5	3	5	4	2	3	4	3	2	3	2	2	4	2	2	4
323	2	3	2	2	2	3	1	3	3	3	3	3	1	4	1	4	1	3	1	1	3	6	6	6
324	5	5	6	5	3	3	4	1	3	3	4	1	3	3	4	3	4	3	3	3	4	4	3	3
325	1	1	1	1	1	1	1	1	1	1	1	1	1	1	1	1	1	1	1	1	1	1	1	1
326	1	1	1	6	6	6	1	1	1	6	6	6	1	1	6	6	6	6	1	1	1	6	6	6
327	6	6	6	6	6	6	6	6	6	6	6	6	6	6	6	6	6	6	1	1	6	6	6	6
328	1	1	4	4	5	6	1	2	5	5	5	6	1	1	4	5	5	6	1	1	4	4	5	5
329	1	4	3	3	6	5	4	5	6	3	5	6	5	6	1	3	1	5	1	6	3	5	6	6
330	6	6	6	6	6	6	6	6	6	6	6	6	6	6	6	6	6	6	6	6	6	6	6	6
331	3	6	6	6	6	6	3	6	6	6	6	6	6	6	6	6	6	6	1	6	6	6	6	6
332	6	6	6	6	6	6	1	6	6	6	6	6	6	6	6	6	6	6	1	1	6	6	6	6
333	3	3	3	3	6	3	1	3	6	2	3	6	3	3	3	6	3	3	5	3	6	3	2	3
334	6	6	6	6	6	6	1	6	6	6	6	6	6	6	6	6	6	6	1	6	6	6	6	6
335	1	4	3	2	4	1	1	2	3	4	5	5	1	2	2	2	3	4	1	4	2	3	5	4
336	1	1	1	6	6	6	1	6	6	6	6	6	1	1	6	6	6	6	1	1	1	1	1	1
337	4	5	2	5	5	2	3	3	5	2	5	2	2	5	2	5	5	2	2	2	2	2	6	5
338	3	4	5	6	6	6	1	4	4	6	6	6	6	6	6	6	6	6	1	1	4	6	6	6
339	6	6	6	6	6	6	1	1	1	6	6	6	1	6	6	6	6	6	1	1	6	6	6	6
340	4	4	4	3	4	3	3	4	4	3	3	6	3	4	4	4	4	3	3	3	3	3	4	3
341	4	4	4	5	4	4	1	1	1	3	4	4	1	1	1	1	3	4	1	1	1	1	3	4
342	6	6	6	6	6	6	6	6	6	6	6	6	6	6	6	6	6	6	6	6	6	6	6	6
343	1	3	3	6	6	6	1	1	3	5	6	6	3	1	3	3	6	6	1	1	3	3	6	6
344	6	6	6	6	6	6	6	6	6	6	6	6	6	6	6	6	6	6	6	6	6	6	6	6
345	6	6	6	6	6	6	1	5	6	6	6	6	5	5	5	5	6	6	1	5	5	6	6	6
346	6	6	6	6	6	6	3	6	6	6	6	6	6	6	6	6	6	6	1	6	6	6	6	6
347	6	6	6	6	6	6	6	6	6	6	6	6	6	6	6	6	6	6	6	6	6	6	6	6
348	1	1	1	1	6	6	1	6	6	6	6	6	1	6	6	6	1	6	6	1	6	6	6	6
349	1	4	3	3	3	3	1	3	3	3	3	3	1	3	3	3	3	3	3	3	3	3	3	3
350	1	1	5	6	6	6	2	2	2	6	6	6	1	6	6	6	6	6	1	2	2	6	6	6
351	1	1	6	6	6	6	1	6	6	6	6	6	6	6	6	6	6	6	1	6	6	6	6	6
352	6	6	6	6	6	6	1	6	6	6	6	6	6	6	6	6	6	6	1	6	6	6	6	6
353	1	4	2	3	3	4	1	3	3	3	3	2	3	3	3	3	3	3	3	3	3	3	3	3
354	5	6	6	6	6	6	1	6	6	6	6	6	6	6	6	6	6	6	1	6	6	6	6	6
355	6	6	6	6	6	6	1	1	1	1	1	1	2	2	2	2	2	2	1	1	1	1	1	1
356	6	6	6	6	6	6	1	6	6	6	6	6	6	6	6	6	6	6	1	6	6	6	6	6
357	6	6	6	6	6	6	6	6	6	6	6	6	1	1	1	1	1	1	6	6	6	6	6	6
358	1	2	1	1	1	1	1	1	1	1	1	1	1	1	1	1	1	1	1	1	1	1	1	1
359	1	1	1	1	1	1	1	1	1	1	1	1	1	1	1	1	1	1	1	1	1	1	1	1
360	6	6	6	6	6	6	1	6	6	6	6	6	6	6	6	6	6	6	1	6	6	6	6	6
361	6	6	6	6	6	6	3	6	6	6	6	6	3	6	6	3	6	6	3	3	3	6	6	6
362	2	4	5	6	3	5	1	4	2	5	3	6	1	4	2	5	3	6	1	4	1	5	3	6
363	1	1	1	1	1	1	1	1	1	1	1	1	1	1	1	1	1	1	1	1	1	1	1	1
364	6	6	3	6	6	5	6	3	6	6	4	6	4	6	6	6	6	6	5	6	6	6	6	6
365	6	6	6	6	6	6	1	6	6	6	6	6	6	6	6	6	6	6	1	6	6	6	6	6
366	3	3	2	2	2	2	1	3	3	3	5	3	2	2	3	3	3	3	3	3	3	3	3	6
367	1	2	3	6	6	6	1	1	2	6	6	6	1	1	2	6	6	6	1	1	1	6	6	6
368	1	1	1	1	1	1	1	1	1	1	1	1	1	1	1	1	1	1	1	1	1	1	1	1
369	6	6	6	6	6	6	1	6	6	6	6	6	6	6	6	6	6	6	1	6	6	6	6	6
370	6	6	6	6	6	6	6	6	6	6	6	6	6	6	6	6	6	6	6	6	6	6	6	6
371	6	3	5	4	1	2	1	2	3	4	5	6	1	2	3	4	5	6	1	2	3	4	5	6
372	3	4	3	3	3	3	4	4	4	3	3	3	4	3	4	3	3	3	4	4	4	4	3	3
373	5	3	4	3	2	4	6	5	4	3	2	1	6	5	4	3	2	1	6	5	4	3	2	1
374	1	1	1	3	3	5	1	1	5	5	5	6	1	3	3	3	6	6	4	2	5	3	5	6
375	1	1	6	6	6	6	1	1	6	6	6	6	1	1	6	6	6	6	1	1	6	6	6	6
376	6	3	5	4	5	5	3	3	5	3	3	4	4	3	5	5	3	5	4	4	5	2	4	4
377	1	1	1	1	2	1	2	1	1	1	1	1	1	1	1	1	1	1	1	1	1	2	1	2
378	1	1	1	1	1	1	1	1	1	1	1	1	1	1	1	1	1	1	1	1	1	1	1	1
379	1	1	4	6	6	6	1	1	1	5	6	6	1	6	6	6	6	6	1	1	5	6	6	6
380	3	3	3	3	3	3	3	1	3	3	3	2	1	1	1	1	1	1	1	1	1	1	1	1
381	6	6	6	6	6	6	6	6	6	6	6	6	6	6	6	6	6	6	4	6	6	6	6	6
382	6	6	6	6	6	6	1	6	6	6	6	6	1	5	3	6	6	5	1	3	3	4	6	6
383	1	1	6	6	6	6	1	1	1	1	6	6	1	1	1	1	6	6	1	1	1	6	6	6
384	6	6	6	6	6	6	6	6	6	6	6	6	1	6	6	6	6	6	6	6	6	6	6	6
385	6	6	6	6	6	6	6	6	6	6	6	6	1	6	6	6	6	6	1	1	6	6	6	6
386	1	1	1	1	1	1	1	1	1	1	1	1	1	1	1	1	1	1	1	1	1	1	1	1
387	6	6	6	6	6	6	6	6	6	6	6	6	6	6	6	6	6	6	6	6	6	6	6	6
388	6	6	6	6	6	6	1	6	6	1	6	6	6	6	6	6	6	6	5	6	6	6	6	6
389	1	3	1	3	3	1	1	3	3	3	1	1	4	3	3	3	1	1	3	3	3	3	3	1
390	3	3	3	5	6	5	1	5	4	5	5	6	5	5	5	5	5	5	1	5	5	5	5	6
391	2	2	2	2	2	2	2	1	2	2	1	4	2	1	1	1	1	1	1	1	1	1	1	1
392	1	1	4	6	6	6	1	6	6	6	6	6	4	4	4	4	6	6	4	4	4	4	4	4
393	1	2	1	1	1	1	5	5	2	5	2	2	1	5	6	6	6	6	1	6	6	2	6	6
394	6	6	6	6	6	6	1	1	6	6	6	6	1	6	6	6	6	6	1	1	6	6	6	6
395	.	.	.	.	.	.	.	.	.	.	.	.	.	.	.	.	.	.	.	.	.	.	.	.
396	3	5	6	5	6	6	3	5	5	6	6	6	5	4	5	6	4	5	4	4	4	6	5	5
397	1	1	1	2	2	1	1	1	1	1	1	1	1	1	2	2	2	1	1	2	2	2	1	6
398	1	1	1	1	1	1	6	1	1	1	1	1	1	1	1	1	1	1	6	1	1	1	1	1
399	6	6	6	6	6	6	1	6	6	6	6	6	6	6	6	6	6	6	1	6	6	6	6	6
400	1	1	1	1	1	1	1	1	1	1	1	1	1	1	1	1	1	1	1	1	1	1	1	1
401	3	3	3	3	3	3	3	3	3	3	3	3	3	3	3	3	3	3	3	3	3	3	3	3
402	5	4	4	4	4	4	5	4	5	4	4	5	5	5	5	4	5	5	4	4	2	2	5	4
403	1	1	6	6	6	6	1	1	1	1	6	6	1	6	6	6	6	6	1	1	1	1	6	6
404	1	1	1	1	3	3	1	1	1	2	2	3	1	1	1	2	3	3	1	1	1	3	3	3
405	6	6	6	6	6	6	3	6	6	6	6	6	6	6	6	6	6	6	3	6	6	6	6	6
406	6	6	6	6	6	6	1	6	6	6	6	6	6	6	6	6	6	6	1	6	6	6	6	6
407	1	1	1	1	1	1	1	1	1	1	1	1	1	1	1	1	1	1	1	1	1	1	1	1
408	4	5	1	1	1	4	5	3	5	1	6	1	2	6	6	1	4	3	4	2	5	1	6	4
409	1	6	6	3	3	6	1	3	3	3	3	6	1	3	3	3	6	6	1	1	3	3	6	6
410	6	6	6	6	6	6	6	6	6	6	6	6	6	6	6	6	6	6	6	6	6	6	6	6
411	1	1	1	1	1	1	1	1	1	1	1	1	1	1	1	1	1	1	1	1	1	1	1	1
412	1	1	1	3	3	6	6	2	2	6	2	2	6	1	2	2	5	2	6	2	1	3	2	6
413	6	6	6	6	6	6	1	6	6	6	6	6	6	6	6	6	6	6	1	1	2	1	6	6
414	2	2	4	1	2	3	2	5	2	2	5	4	3	3	5	5	1	6	6	2	5	6	1	2
415	1	6	5	6	6	6	1	5	6	6	6	6	5	6	6	6	6	6	3	6	6	6	6	6
416	1	1	1	1	1	6	1	1	1	1	1	6	1	1	1	1	1	6	1	1	1	1	1	6
417	1	1	1	1	6	6	1	1	1	1	6	6	1	1	1	1	6	6	1	1	1	1	6	6
418	1	4	4	4	4	4	1	4	4	5	6	6	1	1	1	1	3	4	1	4	6	6	6	6
419	3	3	3	3	3	3	1	1	1	1	1	1	4	1	5	5	5	5	1	6	6	6	6	1
420	3	3	3	3	3	1	3	3	3	3	3	3	3	3	3	3	3	2	1	1	1	1	1	1
421	6	6	6	6	6	6	3	6	6	6	6	6	6	6	6	6	6	6	4	6	6	6	6	6
422	6	3	6	6	6	6	1	1	3	3	6	6	4	4	4	5	5	6	5	6	1	1	2	1
423	1	1	1	1	1	1	4	1	1	1	1	1	1	1	1	1	1	1	4	1	1	1	1	1
424	6	6	6	6	6	6	3	6	6	6	6	6	6	6	6	6	6	6	3	6	6	6	6	6
425	3	3	3	3	3	2	1	1	3	3	3	2	3	3	3	3	3	3	3	3	3	1	1	1
426	4	4	1	1	1	1	1	1	1	1	1	1	1	4	1	1	1	1	1	1	1	1	1	1
427	1	1	1	1	1	1	1	1	1	1	1	1	1	1	1	1	1	1	1	1	1	1	1	1
428	1	1	1	1	1	1	1	1	1	1	1	1	1	1	1	1	1	1	1	1	1	1	1	1
429	1	1	1	1	1	1	1	1	1	1	1	1	1	1	1	1	1	1	1	1	1	1	1	1
430	4	2	3	3	3	3	3	3	4	3	3	3	4	4	4	4	4	3	5	5	5	5	5	5
431	6	6	6	6	6	6	4	6	6	6	6	6	6	6	6	6	6	6	6	6	6	6	6	6
432	4	3	4	4	3	4	5	4	4	4	5	4	4	4	4	4	4	4	4	4	4	4	4	4
433	5	1	3	5	3	5	5	4	3	5	2	2	5	6	2	4	6	4	2	3	1	6	5	4
434	4	4	3	3	4	6	4	4	3	3	3	6	3	3	3	3	3	6	3	3	3	3	6	6
435	1	1	1	1	1	1	1	1	1	1	1	1	1	1	1	1	1	1	1	1	1	1	1	1
436	3	3	3	3	3	3	3	3	3	3	3	3	3	3	3	3	3	3	3	3	3	3	3	3
437	6	6	6	6	6	6	1	6	6	6	6	6	6	6	6	6	6	6	1	6	6	6	6	6
438	1	1	1	1	1	1	1	1	1	1	1	1	1	1	1	1	1	1	1	1	1	1	1	1
439	4	3	3	3	3	2	3	2	2	2	2	2	4	3	3	3	3	2	3	3	3	3	3	2
440	6	6	6	6	6	6	1	6	6	6	6	6	1	6	6	6	6	6	1	1	1	6	6	6
441	4	4	5	4	5	4	5	5	5	5	5	5	5	5	5	5	5	5	5	5	5	5	5	5
442	5	5	2	5	2	5	2	5	2	5	5	5	5	5	5	5	5	5	5	5	5	5	5	5
443	1	6	6	6	6	6	1	6	6	6	6	6	1	6	6	6	6	6	1	1	1	6	6	6
444	1	1	1	1	6	6	1	1	1	6	6	6	1	1	1	6	6	6	1	1	1	1	1	6
445	1	1	1	1	1	6	1	1	1	1	1	5	4	1	1	1	1	1	2	1	1	1	1	1
446	6	6	6	6	6	6	1	6	6	6	6	6	6	6	6	6	6	6	1	6	6	6	6	6
447	3	3	3	3	3	3	3	3	3	3	3	2	3	3	3	3	3	2	3	3	3	3	3	3
448	6	6	6	6	6	6	1	6	6	6	6	6	6	6	6	6	6	6	1	2	6	6	6	6
449	2	2	2	2	2	1	3	2	2	1	1	1	3	3	3	3	3	2	3	3	3	3	2	1
450	6	6	6	6	6	6	6	6	6	6	6	6	6	6	6	6	6	6	6	6	6	6	6	6
451	6	6	6	6	6	6	1	1	1	1	1	1	1	1	1	1	1	1	1	1	1	1	1	1
452	6	1	1	1	1	1	6	1	1	1	1	1	6	1	2	3	3	1	1	6	6	1	1	1
453	5	5	5	5	6	6	1	1	1	6	5	6	1	1	1	6	6	6	1	1	1	6	6	6
454	2	3	3	6	6	6	4	3	4	3	3	2	4	3	5	3	3	2	4	3	2	3	3	4
455	1	1	1	1	3	4	1	3	1	3	3	3	1	1	3	3	3	3	1	1	1	1	3	3
456	1	1	1	1	1	6	1	1	1	1	1	1	1	1	1	1	1	6	1	1	1	1	1	6
457	1	1	1	1	1	1	1	1	1	1	1	1	1	1	1	1	1	1	1	1	1	1	1	1
458	3	3	3	3	5	5	1	1	3	3	6	6	1	1	6	6	6	6	1	6	6	6	6	6
459	4	4	4	4	4	4	4	4	4	4	4	4	4	4	4	4	4	4	4	4	4	4	4	4
460	1	1	6	6	6	6	1	1	1	6	6	6	1	1	6	6	6	6	1	1	1	2	3	6
461	1	6	6	6	6	6	1	6	6	6	6	6	6	6	6	6	6	6	1	6	6	6	6	6
462	1	1	1	1	1	1	1	1	1	1	1	1	1	1	1	1	1	1	1	1	1	1	1	1
463	1	1	3	2	6	6	1	1	6	6	6	6	1	3	3	3	3	6	2	2	2	6	6	6
464	1	6	6	6	6	6	1	1	6	6	6	6	6	6	6	6	6	6	1	1	6	6	6	6
465	3	3	3	2	2	2	3	3	3	2	2	3	3	3	3	2	2	2	3	3	3	2	2	2
466	1	1	1	1	1	1	1	1	1	1	1	1	1	1	1	1	1	1	1	1	1	1	1	1
467	4	3	4	3	3	3	4	3	3	3	3	3	3	3	4	3	3	3	4	3	4	3	3	3
468	6	6	6	6	6	6	1	1	6	6	6	6	1	6	6	6	6	6	1	4	1	6	6	6
469	1	6	6	6	6	6	1	6	6	6	6	6	6	6	6	6	6	6	1	6	6	6	6	6
470	1	1	1	1	1	1	1	1	6	6	6	6	1	1	1	1	1	6	1	1	1	1	1	1
471	1	1	1	1	1	1	1	1	1	1	1	1	1	1	1	1	1	1	1	1	1	1	1	1
472	6	6	6	6	6	6	4	6	6	6	6	6	6	6	6	6	6	6	6	6	6	6	6	6
473	3	3	3	3	3	6	3	3	3	3	6	6	3	3	3	3	6	6	3	3	3	6	6	6
474	3	3	5	5	6	6	1	5	5	5	6	6	5	5	5	5	6	6	3	5	5	5	6	6
475	1	1	1	1	1	1	1	1	1	1	1	1	1	1	1	1	1	1	1	1	1	1	1	1
476	3	6	6	6	6	6	1	6	6	6	6	6	6	6	6	6	6	6	1	6	6	6	6	6
477	1	1	1	6	6	6	1	1	6	6	6	6	6	6	6	6	6	6	1	6	6	6	6	6
478	1	1	1	2	3	3	1	1	1	1	1	1	1	1	1	1	1	1	1	1	1	1	1	1
479	6	6	6	6	6	6	1	6	6	6	6	6	6	6	6	6	6	6	1	6	6	6	6	6
480	3	3	3	2	2	1	3	3	3	2	1	2	3	3	3	2	2	1	3	3	3	2	1	1
481	4	2	5	6	2	4	1	5	6	5	5	3	4	4	4	1	5	5	4	2	5	5	5	1
482	6	6	6	6	6	6	6	6	6	6	6	6	6	6	6	6	6	6	6	6	6	6	6	6
483	3	3	3	3	3	6	3	3	4	6	6	3	4	1	3	3	3	6	1	1	1	3	6	6
484	1	1	1	1	1	1	1	1	1	1	1	1	1	1	1	6	1	6	1	1	1	1	1	6
485	5	5	5	4	4	4	4	4	4	4	4	5	4	4	4	4	4	4	4	5	5	4	4	4
486	1	6	6	6	6	6	1	1	6	6	6	6	1	6	6	6	6	6	1	6	6	6	6	6
487	1	1	1	1	1	1	1	1	1	1	1	1	1	1	1	1	1	1	1	1	1	1	1	1
488	6	6	6	6	6	6	1	6	6	6	6	6	6	6	6	6	6	6	1	6	6	6	6	6
489	1	1	1	1	1	1	1	1	1	1	1	1	1	1	1	1	1	1	1	1	1	1	1	1
490	5	6	6	6	6	6	4	4	4	5	6	6	4	4	5	5	5	5	4	4	4	4	5	6
491	6	6	6	6	6	6	1	6	6	2	1	6	4	4	4	4	4	4	1	1	1	1	1	1
492	1	6	6	6	6	6	1	1	6	6	6	6	1	6	6	6	6	6	1	1	1	1	1	1
493	1	1	1	6	1	1	2	1	1	1	1	1	2	6	6	6	6	6	1	1	1	6	6	6
494	1	1	1	1	1	1	1	1	1	1	1	1	1	1	1	1	1	1	1	1	1	1	1	1
495	1	1	1	1	6	6	1	1	1	6	6	6	1	1	1	1	1	6	1	1	6	6	6	6
496	6	6	6	6	6	6	1	1	1	6	4	6	1	1	3	3	6	6	1	1	1	1	1	6
497	3	3	3	4	3	3	4	4	4	4	3	3	4	4	4	4	4	3	4	4	4	4	3	3
498	1	1	3	6	6	2	1	1	4	1	6	6	6	1	6	6	6	6	1	1	6	3	6	6
499	1	1	1	6	6	6	1	1	1	1	6	6	1	1	1	1	1	6	1	1	1	1	1	1
500	4	2	2	2	2	2	2	2	2	4	2	2	4	4	2	4	4	2	2	2	2	2	3	2
501	6	6	6	6	6	6	1	6	6	6	6	6	6	6	6	6	6	6	1	6	6	6	6	6
502	3	3	3	5	5	6	1	1	3	1	6	6	1	6	6	6	6	6	4	3	3	6	6	6
503	6	6	6	6	6	6	1	6	6	6	6	6	1	6	6	6	6	6	1	6	6	6	6	6
504	3	3	3	3	4	2	4	3	3	4	3	2	3	3	3	3	3	3	1	1	3	3	3	3
505	1	3	5	5	6	6	1	2	2	3	4	3	1	2	5	5	6	6	1	6	2	5	6	6
506	4	1	2	5	2	2	1	2	5	4	4	2	5	2	1	1	3	3	1	5	5	5	5	2
507	1	1	1	1	1	1	1	1	1	1	1	1	1	1	1	1	1	1	1	1	1	1	1	1
508	6	6	6	6	6	6	5	6	6	6	6	6	6	6	6	6	6	6	2	2	6	6	6	6
509	3	3	3	3	2	3	3	2	3	2	2	2	2	3	3	2	4	3	3	3	3	3	2	2
510	1	3	4	5	6	6	1	1	1	1	3	6	1	1	3	5	6	6	1	2	3	6	6	6
511	3	4	6	6	2	3	1	5	5	6	1	6	1	1	6	6	6	6	4	5	3	6	6	6
512	1	1	4	4	4	4	1	1	6	6	6	6	6	6	6	6	6	6	1	1	6	6	6	6
513	6	6	6	6	6	6	1	1	4	4	6	6	1	2	5	3	6	6	1	1	4	5	6	6
514	6	6	6	6	6	6	1	1	1	3	2	2	1	1	1	1	1	1	1	1	1	1	1	1
515	5	6	6	6	6	6	6	6	6	6	1	6	6	6	6	6	6	6	6	6	6	6	6	6
516	6	6	6	6	6	6	1	6	6	6	6	6	6	6	6	6	6	6	1	6	6	6	6	6
517	3	3	3	3	3	3	3	3	4	3	3	3	4	3	3	3	3	3	3	3	4	4	4	4
518	6	2	4	5	2	2	5	1	4	5	5	2	3	3	5	5	1	4	6	6	3	2	5	5
519	1	1	1	1	1	1	1	1	1	1	1	1	1	1	1	1	1	1	1	1	1	1	1	1
520	3	3	3	3	3	3	3	4	3	3	3	3	4	3	3	3	3	3	4	3	3	3	3	3
521	3	3	3	3	3	3	4	3	3	3	3	3	3	3	3	3	3	3	3	3	3	3	3	3
522	6	6	6	6	6	6	1	6	6	6	6	6	3	6	3	3	3	6	6	6	6	6	6	6
523	1	1	1	1	6	6	1	1	1	6	6	6	1	1	1	6	6	6	1	1	1	6	6	6
524	4	4	4	4	3	6	4	3	6	6	6	6	6	6	6	6	6	6	6	6	6	6	6	6
525	1	1	1	1	1	1	4	5	4	4	5	5	5	5	5	4	4	4	4	5	4	4	4	5
526	2	4	4	4	3	3	3	3	4	4	3	3	3	3	3	3	3	3	3	3	3	3	3	3
527	1	1	1	2	2	2	1	1	1	1	2	2	1	1	1	2	2	2	1	1	1	6	6	6
528	1	1	1	3	6	1	1	1	6	6	6	6	1	1	1	3	6	6	1	1	1	5	6	6
529	6	6	6	6	6	6	3	6	6	6	6	6	3	3	3	3	3	6	3	3	6	6	6	6
530	6	4	6	6	6	6	6	6	6	6	6	6	4	4	4	4	4	5	1	1	6	6	6	6
531	4	2	3	5	3	6	1	1	3	1	6	6	1	1	3	2	6	6	2	1	6	6	6	6
532	1	1	1	1	1	1	1	1	1	1	1	5	2	1	1	1	1	6	1	1	1	3	6	6
533	1	1	1	1	6	6	1	1	1	1	6	6	6	6	6	6	6	6	6	6	6	6	6	6
534	1	1	1	1	1	6	1	1	1	1	6	6	1	1	1	1	6	6	1	1	1	6	6	6
535	1	1	5	4	3	1	1	4	2	1	1	4	1	4	2	1	1	1	1	4	5	2	5	4
536	6	6	6	6	6	6	1	6	6	6	6	6	5	6	6	6	6	6	1	1	2	6	6	6
537	3	3	3	4	3	3	3	2	3	3	3	3	3	3	3	4	3	3	3	2	3	3	3	2
538	4	4	3	3	3	3	4	3	4	3	3	3	3	4	4	4	2	3	5	2	3	6	4	2
539	6	6	6	6	6	6	6	6	6	6	6	6	6	6	6	6	6	6	6	6	6	6	6	6
540	6	6	6	6	6	6	1	6	6	6	6	6	1	6	6	6	6	6	1	6	6	6	6	6
541	1	1	1	1	1	1	3	3	3	3	1	1	3	3	3	3	3	2	3	3	3	3	2	2
542	1	2	1	1	1	1	1	1	3	3	6	6	1	1	1	6	6	6	1	1	6	6	6	6
543	6	6	6	6	6	6	3	6	6	6	6	6	6	6	6	6	6	6	3	6	6	6	6	6
544	5	6	6	3	4	2	3	3	4	6	2	2	5	6	2	1	4	6	6	1	5	3	1	2
545	1	6	6	6	6	6	1	2	2	1	2	2	2	3	3	2	2	2	1	3	2	3	2	2
546	6	6	6	6	6	6	3	6	6	6	6	6	6	6	6	6	6	6	3	6	6	6	6	6
547	1	1	1	1	6	6	1	1	1	6	6	6	6	6	6	6	6	6	1	2	2	6	6	6
548	6	6	3	6	6	6	1	6	6	6	6	6	6	6	6	6	6	6	1	6	6	6	6	6
549	1	6	6	6	6	6	1	6	6	6	6	6	6	6	6	6	6	6	1	6	6	6	6	6
550	1	1	1	1	1	1	1	1	1	1	1	1	1	1	1	1	1	1	1	1	1	1	1	1
551	6	6	1	1	1	6	1	1	1	1	6	6	1	1	1	1	6	6	1	1	1	1	6	6
552	1	1	6	6	6	6	1	1	6	6	6	6	6	1	6	6	6	6	1	1	6	6	6	6
553	1	6	6	6	6	6	1	6	6	6	6	6	1	6	6	6	6	6	1	6	6	6	6	6
554	6	6	6	6	6	6	1	6	6	6	6	6	6	6	6	6	6	6	3	6	6	6	6	6
555	4	4	4	4	4	4	4	4	4	4	4	4	4	4	4	4	4	4	4	4	4	4	4	4
556	1	1	1	1	1	1	1	1	1	1	1	1	1	1	1	1	1	1	1	1	1	1	1	1
557	6	6	6	6	6	6	1	6	6	6	6	6	6	6	6	6	6	6	1	6	6	6	6	6
558	1	6	6	6	6	6	2	6	6	6	6	6	6	6	6	6	6	6	3	6	6	6	6	6
559	4	5	3	4	4	3	6	5	4	5	3	3	1	5	5	4	4	4	1	3	3	3	3	3
560	6	6	6	6	6	6	1	1	6	6	6	6	1	1	6	6	6	6	1	1	6	6	6	6
561	2	4	5	5	4	5	4	3	2	2	5	4	4	2	3	3	3	3	2	3	6	6	6	6
562	6	6	6	6	6	1	6	6	6	1	1	1	6	6	1	1	1	1	6	6	1	1	1	1
563	1	6	5	6	1	5	5	2	5	6	4	5	3	5	2	5	6	4	2	2	5	3	3	4
564	1	1	1	1	6	1	1	1	1	1	6	6	1	1	1	1	1	6	1	1	1	1	6	6
565	1	6	6	6	6	6	1	1	1	1	6	6	1	1	1	1	6	6	1	1	1	1	6	6
566	1	1	6	6	6	6	1	1	1	1	1	6	1	1	3	2	3	3	1	1	1	2	5	5
567	6	6	6	6	6	6	1	6	6	6	6	6	6	6	6	6	6	6	1	6	6	6	6	6
568	3	3	3	3	3	2	3	6	6	6	6	6	6	6	6	6	6	6	6	6	6	6	6	6
569	1	1	1	6	6	6	1	1	1	6	6	6	1	1	1	1	6	6	1	1	1	1	6	6
570	6	6	6	6	6	6	6	6	6	6	6	6	6	6	6	6	6	6	6	6	6	6	6	6
571	6	6	6	6	6	6	1	6	6	6	6	6	6	6	6	6	6	6	1	1	6	6	6	6
572	6	6	6	6	6	6	6	6	6	6	6	6	6	6	6	6	6	6	6	6	6	6	6	6
573	6	6	6	6	6	6	1	6	6	6	6	6	6	6	6	6	6	6	1	6	6	6	6	6
574	1	1	1	1	1	1	1	1	1	1	1	1	4	5	2	4	1	6	4	2	2	5	2	6
575	2	5	2	6	3	6	1	4	1	6	6	1	2	3	4	5	2	5	5	6	6	1	5	5
576	1	6	6	6	6	6	1	6	6	6	6	6	6	6	6	6	6	6	1	6	6	6	6	6
577	3	2	3	3	3	3	3	3	2	3	2	3	3	3	3	3	3	3	3	3	3	3	3	2
578	3	2	4	2	4	1	2	2	4	1	2	2	4	2	5	2	4	3	4	3	5	1	5	2
579	4	4	4	4	4	4	4	4	4	4	4	4	4	4	4	4	4	4	4	4	4	4	4	4
580	3	3	3	3	3	2	3	3	3	3	3	2	3	3	3	3	3	3	3	3	3	3	3	2
581	1	6	2	5	1	2	1	4	4	3	1	5	1	4	2	2	6	5	4	2	2	6	6	5
582	1	1	1	6	6	6	1	1	1	6	6	6	1	1	1	6	6	6	1	1	1	6	6	6
583	6	6	5	2	4	5	6	5	4	1	2	1	6	5	4	3	2	5	6	5	4	3	2	5
584	4	2	5	2	5	1	5	2	5	4	2	2	2	5	2	5	2	4	2	4	2	4	2	5
585	6	6	6	6	6	6	1	1	6	6	6	6	1	1	6	6	6	6	1	1	6	6	6	6
586	1	1	1	1	1	6	1	1	1	1	6	6	1	1	1	1	3	3	1	1	2	3	4	4
587	6	6	6	6	6	6	1	6	6	6	6	6	6	6	6	6	6	6	1	6	6	6	6	6
588	1	4	4	5	2	4	2	5	6	3	3	5	3	3	4	6	1	3	1	2	3	4	3	6
589	1	1	1	1	1	1	1	4	6	6	6	6	6	6	6	6	6	6	1	1	1	1	1	1
590	1	6	6	3	6	6	1	1	1	6	6	6	6	6	6	6	6	6	1	1	6	6	3	6
591	6	6	6	6	6	6	1	6	6	6	6	6	6	6	6	6	6	6	1	1	1	6	6	6
592	6	6	6	6	6	6	1	6	6	6	6	6	6	6	6	6	6	6	1	6	6	6	6	6
593	6	6	6	6	6	6	1	6	6	6	6	6	6	6	6	6	6	6	1	6	6	6	6	6
594	6	6	1	6	6	6	1	1	1	3	6	6	1	1	1	1	1	1	1	1	1	1	1	6
595	5	4	5	4	4	4	4	4	5	4	3	4	4	4	4	3	4	3	5	4	4	3	3	2
596	6	6	6	6	6	6	1	6	6	6	6	6	5	4	3	4	5	5	1	5	5	4	5	5
597	6	6	6	6	6	6	1	6	6	6	6	6	6	6	6	6	6	6	1	6	6	6	6	6
598	3	3	3	3	3	3	1	3	3	5	6	6	6	6	6	6	6	6	1	1	6	6	6	6
599	1	1	1	1	1	1	1	1	1	1	1	1	1	1	1	1	1	1	1	1	1	1	1	1
600	1	1	1	1	1	1	1	1	1	1	1	6	1	1	1	1	1	1	1	1	1	1	1	1
601	3	3	3	3	2	3	2	2	3	2	3	3	2	2	2	2	2	2	1	2	2	2	2	5
602	6	6	6	6	6	6	1	1	6	6	6	6	1	1	6	6	6	6	1	1	6	6	6	6
603	1	1	1	1	6	6	1	1	1	6	6	6	1	1	1	1	1	6	1	1	1	1	6	6
604	4	3	3	3	3	3	3	3	3	3	3	3	3	3	3	3	3	3	3	3	3	3	3	3
605	1	1	1	1	1	5	1	1	1	6	6	6	3	3	3	3	5	2	1	1	4	3	3	6
606	6	5	5	5	6	6	1	3	4	6	6	6	1	5	5	5	6	6	1	2	6	5	6	5
607	1	1	1	1	1	1	1	1	1	1	1	1	1	1	1	1	1	1	1	1	1	1	1	1
608	1	1	1	1	6	6	1	1	1	1	6	6	1	1	1	1	1	1	1	1	1	1	1	1
609	1	1	3	1	1	1	1	1	1	1	1	1	1	1	1	1	1	1	1	1	1	1	1	1
610	1	2	1	1	1	1	1	1	1	1	1	1	1	1	1	1	1	6	1	1	6	6	6	6
611	1	1	6	6	6	6	1	1	6	6	6	6	6	6	6	6	6	6	2	1	6	5	6	6
612	1	1	1	1	1	1	1	1	1	1	1	1	1	1	1	1	1	1	1	1	1	1	1	1
613	.	.	.	.	.	6	6	.	.	.	.	.	.	.	.	.	.	6	.	.	.	.	.	6
614	1	1	1	1	1	1	1	1	1	1	1	1	1	1	1	1	1	1	1	1	1	1	1	1
615	6	6	6	6	6	6	1	6	6	6	6	6	6	6	6	6	6	6	1	1	6	6	6	6
616	1	6	6	6	6	6	1	1	6	6	6	6	6	6	6	6	6	6	1	6	6	6	6	6
617	1	1	1	1	1	1	1	1	1	1	1	1	1	1	1	1	1	1	1	1	1	1	1	1
618	1	1	1	1	1	1	1	1	1	1	1	1	1	1	1	1	1	1	1	1	1	1	1	1
619	1	6	6	6	6	6	1	1	6	6	6	6	6	6	6	6	6	6	1	1	3	2	2	2
620	3	1	2	2	3	2	1	1	1	1	1	1	1	1	1	1	1	1	1	1	1	1	1	6
621	6	6	6	6	6	6	3	6	6	6	6	6	1	4	6	5	6	6	3	1	5	6	6	6
622	6	6	6	6	6	6	1	6	6	6	6	6	6	6	6	6	6	6	1	6	6	6	6	6
623	1	6	6	6	6	6	1	6	6	6	6	6	6	6	6	6	6	6	1	1	1	1	3	3
624	1	.	.	.	.	.	1	.	.	.	.	.	1	.	.	.	.	.	1	.	.	.	.	.
625	1	1	1	1	1	1	1	1	1	1	1	1	1	1	1	1	1	1	1	1	1	1	1	1
626	6	6	6	6	6	6	1	6	6	6	6	6	6	6	6	1	6	6	1	1	6	6	6	6
627	6	6	6	6	6	6	1	6	6	6	6	6	6	6	6	6	6	6	1	6	6	6	6	6
628	1	1	1	1	6	6	1	1	1	1	6	6	1	1	1	1	1	6	1	1	1	1	6	6
629	1	4	5	5	6	6	3	2	6	3	2	3	1	5	3	5	5	5	2	4	4	5	6	5
630	1	1	6	6	6	6	1	1	6	6	6	6	1	1	6	6	6	6	1	1	6	6	6	6
631	6	1	3	6	6	6	1	2	4	6	6	6	6	1	1	5	2	6	6	3	1	2	1	1
632	2	3	3	3	3	3	3	3	3	3	3	3	3	3	3	3	3	3	3	3	3	3	3	3
633	6	6	6	6	6	6	1	6	6	6	6	6	1	6	6	6	6	6	1	6	6	6	6	6
634	1	1	1	1	1	1	1	1	1	1	1	1	1	1	1	1	1	1	1	1	1	1	1	1
635	1	1	1	1	1	1	1	1	1	1	1	1	1	1	1	1	1	1	1	1	1	1	1	1
636	3	5	4	4	4	4	4	2	3	3	2	2	4	2	2	4	3	2	2	2	2	4	2	2
637	6	6	6	6	6	6	1	6	6	6	6	6	6	6	6	6	6	6	1	6	6	4	6	6
638	3	3	3	3	3	2	3	3	3	3	3	3	3	3	4	4	4	4	3	4	4	4	4	4
639	2	2	2	2	2	2	2	2	2	2	2	2	2	2	2	2	2	2	2	2	2	2	2	2
640	1	1	1	1	1	1	1	6	6	3	5	6	6	6	5	5	6	6	3	5	5	5	5	5
641	6	6	6	6	6	6	1	5	6	6	6	6	6	6	6	6	6	6	1	6	6	6	6	6
642	6	6	6	6	6	6	1	6	6	6	6	6	6	6	6	6	6	6	1	6	6	6	6	6
643	6	6	6	6	6	6	5	6	6	6	6	6	6	6	6	6	6	6	6	6	6	6	6	6
644	1	3	5	6	5	6	1	2	6	3	3	3	1	3	5	5	6	5	6	4	5	5	6	6
645	1	1	1	1	1	3	1	1	1	1	2	6	1	1	1	1	1	1	1	1	1	1	3	3
646	1	1	1	1	6	6	1	1	1	1	1	6	1	1	1	1	1	1	1	1	1	1	1	1
647	6	6	6	6	6	6	1	6	6	6	6	6	3	4	6	6	6	6	1	6	6	6	6	6
648	4	6	6	6	6	6	1	1	6	6	6	6	6	3	1	3	3	6	1	1	3	3	6	6
649	6	6	6	6	6	6	1	6	6	6	6	6	6	6	6	6	6	6	1	6	6	6	6	6
650	1	6	6	1	6	6	1	1	1	3	1	6	1	4	1	1	1	3	1	1	2	3	3	6
651	1	1	1	1	1	1	1	1	1	1	1	1	1	1	1	1	1	1	1	1	1	1	1	1
652	5	6	6	5	6	5	5	5	5	6	6	6	5	5	6	6	6	6	5	5	5	6	6	6
653	1	6	6	6	6	6	4	4	3	4	2	3	4	4	3	3	3	3	4	3	6	3	3	3
654	5	6	6	6	6	6	1	6	6	6	6	6	6	6	6	6	6	6	1	6	6	6	6	6
655	.	.	.	.	.	.	2	6	2	4	3	6	6	1	6	3	5	6	2	6	1	2	4	6
656	6	6	6	6	6	6	1	1	3	3	2	6	1	3	3	3	3	3	1	1	3	3	3	3
657	1	3	3	1	2	1	1	1	1	1	1	6	3	3	1	1	3	2	1	1	2	1	1	2
658	3	3	3	3	4	4	3	3	3	4	4	4	3	4	4	3	4	3	2	2	3	3	3	2
659	1	1	1	1	1	1	1	1	1	1	1	1	1	1	1	1	1	1	4	4	4	4	4	4
660	1	1	1	1	6	6	1	1	6	6	6	6	6	6	6	6	6	6	1	1	1	1	6	6
661	5	4	3	4	3	3	1	5	4	4	3	4	2	4	4	4	3	3	4	3	4	5	4	4
662	1	1	1	1	1	1	6	6	1	1	1	1	1	6	6	1	1	1	6	6	6	1	1	1
663	6	6	5	2	3	5	5	2	6	2	6	2	1	4	2	5	3	6	4	1	5	2	6	3
664	6	6	6	6	6	6	1	6	6	6	6	6	6	6	6	6	6	6	6	6	6	6	6	6
665	1	3	3	3	3	3	3	3	3	3	3	1	3	3	3	3	3	3	3	3	3	3	3	3
666	6	6	6	6	6	6	1	6	6	6	6	6	6	6	6	6	6	6	1	6	6	6	6	6
667	6	6	6	6	6	6	1	6	6	6	6	6	6	6	6	6	6	6	1	6	6	6	6	6
668	1	1	1	6	6	6	1	1	1	1	1	6	1	1	1	6	6	6	1	1	1	1	6	6
669	1	1	1	6	6	6	1	1	1	6	6	6	1	1	1	6	6	6	1	1	1	6	6	6
670	1	1	1	6	6	6	1	1	1	6	6	6	1	6	1	6	6	6	1	1	1	6	6	6
671	1	6	6	6	6	6	6	6	6	6	6	6	6	6	6	6	6	6	6	6	6	6	6	6
672	3	4	4	6	6	6	3	4	5	6	6	6	6	6	6	6	6	6	4	6	6	6	6	6
673	4	3	4	5	4	5	5	4	4	5	5	4	5	5	5	5	5	5	1	5	5	5	6	6
674	6	6	6	6	6	6	1	4	6	6	6	6	6	6	6	6	6	6	1	6	6	6	6	6
675	4	1	1	6	6	6	6	6	6	6	6	6	6	6	6	6	6	6	6	6	6	5	5	6
676	6	1	3	3	5	5	1	5	6	5	5	4	6	3	4	4	3	5	3	6	2	4	5	2
677	1	1	1	5	6	6	1	1	4	1	6	6	5	5	5	5	5	5	1	5	5	5	5	5
678	3	3	3	3	3	3	2	2	2	2	2	2	2	2	2	2	2	2	1	1	1	1	1	1
679	5	5	5	5	3	5	5	5	5	5	5	5	5	4	4	4	4	4	5	4	4	4	4	4
680	4	5	5	5	5	6	1	4	4	5	4	6	5	4	5	5	5	6	5	5	5	5	5	5
681	6	6	6	6	6	6	1	6	6	6	6	6	6	6	6	6	6	6	1	6	6	6	6	6
682	5	2	1	2	5	3	5	6	5	3	5	5	5	5	5	4	5	5	4	5	4	4	5	4
683	2	2	2	3	3	2	1	2	3	2	2	5	2	2	3	3	3	3	1	3	2	3	3	3
684	1	1	5	2	4	2	1	2	4	1	2	1	5	1	5	3	2	1	1	4	1	2	5	4
685	3	4	4	4	4	3	3	3	3	3	3	2	3	3	4	3	3	3	4	4	3	3	3	3
686	1	1	6	6	6	6	1	6	6	6	6	6	1	6	6	6	6	6	1	1	6	6	6	6
687	4	2	2	5	5	3	5	2	4	4	2	5	2	2	4	2	5	5	4	2	6	4	2	5
688	6	6	6	6	6	6	1	6	6	6	6	6	6	6	6	6	6	6	1	6	6	6	6	6
689	6	6	6	6	6	6	3	6	6	6	6	6	6	6	6	6	6	6	3	6	6	6	6	6
690	3	3	3	3	3	3	3	3	3	3	3	3	3	3	3	3	3	3	3	3	3	3	3	3
691	6	6	6	6	6	6	1	6	6	6	6	6	6	6	6	6	6	6	6	6	6	6	6	6
692	6	6	6	6	6	6	1	1	1	6	6	6	1	1	1	6	6	6	1	1	1	1	6	6
693	6	6	1	6	1	1	1	1	1	1	1	1	1	1	1	1	1	1	1	1	1	1	1	1
694	1	1	1	1	1	1	1	1	1	1	1	1	1	1	1	1	1	1	1	1	1	1	1	1
695	6	6	6	6	6	6	1	1	1	6	6	6	1	1	1	6	6	6	1	1	6	6	6	6
696	1	6	6	1	6	6	1	1	1	6	6	6	1	1	1	1	6	1	1	1	1	1	6	6
697	6	6	6	6	6	6	1	3	6	6	6	6	1	6	6	6	6	6	1	6	6	6	6	6
698	1	1	1	1	1	1	1	1	1	1	1	1	1	1	1	1	1	1	1	1	1	1	1	1
699	6	6	6	6	6	6	1	6	6	6	6	6	6	6	6	6	6	6	1	6	6	6	6	6
700	2	1	1	1	1	1	1	1	1	1	1	1	1	1	1	1	1	1	1	1	1	1	1	1
701	1	1	1	1	1	1	1	1	1	1	1	1	1	1	1	1	1	1	1	1	1	1	1	1
702	4	5	5	4	4	6	5	4	3	6	4	6	1	1	1	1	4	3	1	1	1	4	1	6
703	6	6	6	6	6	6	1	6	6	6	6	6	6	6	6	6	6	6	1	6	6	6	6	6
704	4	6	6	6	6	6	1	6	6	6	6	6	6	6	6	6	6	6	1	6	6	6	6	6
705	6	3	6	6	6	6	4	3	6	6	6	6	3	3	6	6	6	6	4	3	3	6	6	6
706	6	6	6	6	6	6	1	6	6	6	6	6	5	5	6	2	6	6	1	6	6	6	6	6
707	6	6	6	6	6	6	4	6	6	6	6	6	6	6	6	6	6	6	4	6	6	6	6	6
708	3	3	5	5	6	6	1	1	3	5	6	6	6	6	6	6	6	6	1	3	3	6	6	6
709	6	6	6	6	6	6	6	6	6	6	6	6	6	6	6	6	6	6	1	6	6	6	6	6
710	6	6	6	6	6	6	1	4	6	6	6	6	5	6	6	6	6	6	1	5	6	6	6	6
711	1	6	6	6	6	6	1	1	6	6	6	6	6	6	6	6	6	6	1	6	6	6	6	6
712	3	4	1	1	5	4	1	5	4	4	5	5	4	1	4	5	1	4	4	2	5	1	4	4
713	1	3	1	3	3	1	1	3	3	1	1	1	1	3	3	3	1	1	1	3	3	3	1	1
714	6	6	6	6	6	6	1	6	6	6	6	6	6	6	6	6	6	6	1	6	6	6	6	6
715	1	1	1	1	1	1	1	1	1	1	1	1	1	1	1	1	6	6	6	6	6	6	6	6
716	5	3	3	4	2	5	2	3	4	3	4	3	3	4	4	2	4	3	2	2	3	4	2	3
717	1	1	1	6	6	6	1	1	1	6	6	6	1	1	1	1	6	6	1	1	1	1	6	6
718	1	1	6	6	6	6	1	1	6	6	6	6	1	1	6	6	6	6	1	1	1	1	1	6
719	1	6	6	6	6	6	1	1	6	6	6	6	1	6	6	6	6	6	1	1	6	6	6	6
720	4	3	3	3	3	3	4	3	3	3	3	3	3	3	3	3	3	6	1	6	6	6	6	6
721	1	1	1	1	2	6	1	1	1	1	1	1	1	1	1	1	1	1	1	1	1	1	1	1
722	6	6	6	6	6	6	1	6	6	6	6	6	6	6	6	6	6	6	1	6	6	6	6	6
723	6	3	6	6	6	6	1	6	6	6	6	6	6	6	6	6	6	6	1	6	6	6	6	6
724	6	6	6	6	6	6	1	6	6	6	6	6	6	6	6	6	6	6	1	6	6	6	6	6
725	1	5	1	5	3	5	1	6	1	5	1	4	1	4	1	6	2	3	4	2	6	1	6	1
726	1	6	6	6	6	6	1	6	6	6	6	6	6	6	6	6	6	6	1	6	6	6	6	6
727	3	3	6	1	3	2	1	1	1	1	1	1	1	1	1	1	1	1	1	1	1	1	1	1
728	1	3	3	3	3	3	1	1	4	3	6	6	1	1	3	6	6	6	1	1	3	6	6	6
729	3	4	5	4	5	5	4	5	5	5	5	5	5	5	5	5	5	5	5	5	5	5	5	5
730	1	1	1	1	1	1	1	1	1	1	1	1	1	1	1	1	1	1	1	1	1	1	1	1
731	6	6	6	3	6	3	1	6	6	6	6	6	1	1	6	6	6	6	1	2	6	6	6	6
732	1	6	6	6	6	6	1	6	6	6	6	6	6	6	6	6	6	6	6	6	6	6	6	6
733	4	4	4	4	3	3	4	4	4	3	3	3	4	4	4	3	3	3	4	4	4	4	5	4
734	6	6	6	6	6	6	1	6	6	6	6	6	6	6	6	6	6	6	1	1	1	1	6	6
735	6	6	6	6	6	6	1	1	1	6	6	6	1	1	1	1	6	6	1	1	3	6	6	6
736	6	6	6	6	6	6	1	6	6	6	6	6	6	6	6	6	6	6	1	6	6	6	6	6
737	1	1	1	3	6	6	1	1	3	6	6	6	1	1	6	6	6	6	1	1	1	6	6	6
738	6	6	6	6	6	6	1	6	6	6	6	6	6	6	6	6	6	6	1	6	6	6	6	6
739	1	1	1	6	6	6	1	1	1	6	6	6	1	1	1	6	6	6	1	1	1	6	6	6
740	6	6	6	6	6	6	3	6	6	6	6	6	2	4	3	3	3	6	2	3	3	6	6	6
741	1	1	1	1	1	1	6	1	1	1	1	1	1	1	1	1	1	1	6	1	1	1	1	1
742	6	6	6	6	6	6	3	6	6	6	6	6	6	6	6	6	6	6	1	6	6	6	6	6
743	2	3	3	3	3	4	3	3	3	3	3	3	3	3	3	6	6	6	3	6	3	6	6	6
744	6	6	6	6	6	6	1	6	6	6	6	6	6	6	6	6	6	6	1	6	6	6	6	6
745	1	1	1	1	1	1	1	6	6	6	6	6	6	6	6	6	6	6	1	6	6	6	6	6
746	1	2	3	3	6	6	1	1	1	1	6	6	1	6	6	3	3	6	1	3	3	6	6	6
747	3	4	3	3	3	2	2	2	2	3	2	2	2	2	3	3	3	2	3	3	3	3	2	2
748	1	1	1	1	1	1	1	1	1	1	1	1	1	1	1	1	1	1	1	1	1	1	1	1
749	1	1	1	1	6	6	1	1	1	1	6	6	1	1	1	1	6	6	1	1	1	1	6	6
750	6	6	6	6	6	6	1	6	6	6	6	6	6	6	6	6	6	6	1	6	6	6	6	6
751	6	6	3	6	6	6	1	1	6	6	6	6	1	1	3	6	6	6	1	1	1	6	6	6
752	5	5	5	5	5	5	5	5	5	5	5	5	5	5	5	5	5	5	2	2	3	4	5	2
753	6	6	6	6	6	6	1	6	6	6	6	6	6	6	6	6	6	6	1	6	6	6	6	6
754	1	3	3	3	3	3	3	3	3	3	3	1	3	3	3	3	3	1	3	3	3	3	3	1
755	1	6	1	6	6	6	1	1	6	6	6	4	1	1	1	1	1	1	1	1	1	1	1	1
756	1	1	1	1	1	1	1	1	1	1	1	1	1	1	1	1	1	1	1	1	1	1	1	1
757	6	6	6	6	6	6	6	6	6	6	6	6	6	6	6	6	6	6	1	6	6	6	6	6
758	3	3	3	3	3	2	3	3	3	3	2	2	3	3	3	3	3	2	3	3	3	3	2	5
759	1	1	1	1	1	5	1	1	1	1	5	5	1	1	1	1	5	5	1	1	1	1	5	5
760	1	1	1	1	1	1	3	3	3	3	2	2	3	3	3	3	3	2	2	2	2	2	2	2
761	6	6	6	6	6	6	1	6	6	6	6	6	6	6	6	6	6	6	1	6	6	6	6	6
762	6	6	6	6	6	6	1	6	6	6	6	6	6	6	6	6	6	6	1	6	6	6	6	6
763	4	3	4	3	3	3	1	1	3	2	2	5	3	3	3	3	3	3	3	4	3	3	3	2
764	1	1	1	1	1	1	1	1	1	1	1	1	4	5	2	6	5	3	1	6	2	4	2	5
765	1	1	1	1	1	1	3	3	3	3	2	3	3	3	3	3	3	2	3	3	3	3	2	2
766	6	6	5	6	6	6	1	1	6	6	5	6	4	6	6	5	5	6	1	5	6	6	6	6
767	1	1	1	6	6	6	1	1	1	3	3	6	6	6	6	6	6	6	1	1	1	3	3	5
768	6	6	6	6	6	6	1	6	6	6	6	6	6	6	6	6	6	6	1	6	6	6	6	6
769	5	5	3	5	5	5	4	5	5	5	6	6	5	5	3	5	5	5	5	2	5	2	5	5
770	6	6	6	6	6	6	1	6	6	6	6	6	6	6	6	6	6	6	1	6	6	6	6	6
771	4	4	3	3	3	3	4	3	4	4	3	3	4	4	4	4	4	3	4	4	3	3	3	3
772	6	6	1	6	6	6	1	6	6	6	6	6	6	6	6	6	6	6	6	6	6	6	6	6
773	3	3	3	3	3	3	3	3	3	3	3	3	3	3	3	3	3	3	3	3	3	3	3	3
774	6	6	6	6	6	6	1	6	6	6	6	6	6	6	6	6	6	6	1	6	6	6	6	6
775	6	6	6	6	6	6	6	6	6	6	6	6	6	6	6	6	6	6	6	6	6	6	6	6
776	1	2	3	5	4	2	2	2	3	3	2	5	2	3	3	5	2	4	3	3	5	4	2	3
777	2	1	1	1	1	1	2	1	1	1	1	4	1	1	1	1	1	2	2	2	2	2	2	2
778	6	6	6	6	6	6	6	6	6	6	6	6	6	6	6	6	6	6	6	6	6	6	6	6
779	1	6	6	6	5	5	1	2	3	6	6	3	2	2	2	5	4	5	1	2	2	3	5	4
780	6	6	6	6	6	6	1	6	6	6	6	6	6	6	6	6	6	6	1	6	6	6	6	6
781	1	6	6	6	6	6	1	1	6	6	6	6	1	1	6	6	6	6	1	1	6	6	6	6
782	1	1	1	1	1	1	4	3	3	3	4	1	1	1	1	1	1	1	5	3	3	4	3	5
783	6	6	6	6	6	6	6	6	6	6	6	6	6	6	6	6	6	6	6	6	6	6	6	6
784	6	6	6	6	6	6	1	6	6	6	6	6	6	6	6	6	6	6	4	6	6	6	6	6
785	1	1	1	1	1	1	1	1	1	1	1	1	1	1	1	1	1	1	1	1	1	1	1	1
786	1	4	3	3	4	3	4	5	3	3	3	3	3	3	3	3	3	3	4	3	3	3	4	3
787	6	6	6	6	6	6	1	6	6	6	6	6	6	6	6	6	6	6	1	6	6	6	6	6
788	2	1	2	4	5	2	3	5	5	2	2	5	2	2	1	2	2	4	4	5	5	2	1	2
789	1	6	6	6	6	6	1	1	2	1	6	6	1	1	5	6	6	6	1	3	3	3	3	6
790	5	5	2	5	6	5	5	4	2	5	3	4	3	4	5	3	2	2	2	3	3	5	3	4
791	3	1	1	3	3	3	1	1	3	3	3	6	2	1	1	3	3	3	2	2	3	2	6	6
792	6	6	6	6	6	6	1	6	6	6	6	6	6	6	6	6	6	6	1	6	6	6	6	6
793	6	5	3	2	4	1	6	3	5	2	4	1	1	6	5	2	4	1	4	2	5	1	3	2
794	1	1	1	1	1	1	1	1	1	1	1	1	1	1	1	1	1	1	1	1	1	1	1	1
795	4	3	3	3	3	2	3	3	3	3	2	2	3	3	3	3	3	2	3	3	3	3	2	2
796	6	6	6	6	6	6	1	6	6	6	6	6	6	6	6	6	6	6	1	6	6	6	6	6
797	1	4	3	3	3	3	1	3	4	3	3	3	1	3	3	3	3	3	1	4	3	3	3	3
798	6	6	6	6	6	6	1	6	6	6	6	6	6	6	6	6	6	6	1	6	6	6	6	6
799	6	6	6	6	6	6	1	1	3	4	6	6	4	4	5	6	6	6	1	5	5	6	6	6
800	2	2	2	1	4	2	4	2	2	2	5	2	2	2	2	5	2	2	2	2	2	5	2	2
801	6	6	6	6	6	6	1	1	6	6	6	6	1	5	3	2	6	6	1	1	6	5	6	6
802	6	6	6	6	6	6	6	6	6	6	6	6	6	6	6	6	6	6	6	6	6	6	6	6
803	6	6	6	6	6	6	4	6	6	6	6	6	6	6	6	6	6	6	6	6	6	6	6	6
804	6	6	6	6	6	6	1	6	6	6	6	6	1	1	6	6	6	6	1	1	1	6	6	6
805	5	4	5	5	5	3	5	5	5	5	4	4	5	5	5	5	4	4	5	5	5	5	4	4
806	6	6	6	6	6	6	1	6	6	6	6	6	6	6	6	6	6	6	1	6	6	6	6	6
807	1	1	1	1	1	1	6	1	1	1	1	1	1	1	1	1	1	1	6	1	1	1	1	1
808	4	6	5	5	6	6	1	6	6	6	6	6	5	5	6	6	6	6	1	4	5	5	6	6
809	1	1	1	1	6	6	1	1	1	1	1	6	1	1	1	6	6	6	1	1	1	1	6	6
810	6	6	6	6	6	6	4	6	6	6	6	6	6	6	6	6	6	6	6	6	6	6	6	6
811	6	6	6	6	6	6	6	6	6	6	6	6	6	6	6	6	6	6	6	6	6	6	6	6
812	1	1	6	6	6	6	1	1	6	6	6	6	1	6	6	6	6	6	1	1	6	6	6	6
813	6	5	3	6	6	6	3	6	5	6	6	6	1	5	6	6	6	6	1	5	6	6	6	6
814	6	6	6	6	6	6	6	6	6	6	6	6	6	6	6	6	6	6	6	6	6	6	6	6
815	6	6	6	6	6	6	1	6	6	6	6	6	6	6	6	6	6	6	1	6	6	6	6	6
816	6	6	6	6	6	6	1	6	6	6	6	6	6	6	6	6	6	6	1	6	6	6	6	6
817	6	6	6	6	6	6	6	6	6	6	6	6	6	6	6	6	6	6	6	6	6	6	6	6
818	6	6	6	6	6	6	1	6	6	6	6	6	6	6	6	6	6	6	1	6	6	6	6	6
819	6	6	6	6	6	6	1	6	6	6	6	6	1	1	1	1	1	1	1	1	1	1	1	6
820	1	1	1	1	1	1	1	1	1	1	1	1	1	1	1	1	1	1	1	1	1	1	1	1
821	6	6	6	6	6	6	1	1	6	6	6	6	1	6	6	6	6	6	1	6	6	6	6	6
822	6	6	6	6	6	6	1	6	6	6	6	6	6	6	6	6	6	6	1	6	6	6	6	6
823	4	4	5	5	5	5	4	1	6	6	6	6	6	6	6	6	6	6	6	3	5	5	6	6
824	6	6	6	6	6	6	1	1	6	6	6	6	1	1	6	6	6	6	1	1	1	6	6	6
825	1	1	6	6	6	6	1	1	1	6	6	6	1	1	1	1	6	6	1	1	1	6	6	6
826	1	1	6	5	3	5	1	1	5	6	6	6	6	6	6	6	6	6	3	1	1	1	6	6
827	1	1	1	1	1	1	1	1	1	1	1	2	1	1	1	1	1	1	1	1	1	1	1	1
828	4	4	4	4	4	4	5	5	5	5	5	5	5	5	5	5	5	5	5	5	5	5	5	5
829	6	6	6	6	6	6	1	6	6	6	6	6	6	6	6	6	6	6	6	6	6	6	6	6
830	2	1	1	3	1	4	5	1	1	1	1	1	1	1	1	1	1	1	3	1	1	1	1	1
831	1	6	6	6	6	6	1	1	1	6	6	6	1	1	1	6	6	6	1	1	1	6	6	6
832	1	1	3	2	6	6	1	6	6	6	6	6	2	6	6	6	6	6	6	6	6	6	6	6
833	1	6	6	6	6	6	1	3	3	6	6	6	1	2	2	2	6	6	1	4	4	6	6	6
834	2	1	5	2	4	1	4	2	5	3	1	5	6	2	5	1	5	1	4	2	2	5	1	5
835	3	3	3	3	3	3	3	3	3	3	3	3	3	3	3	3	3	3	3	3	3	3	3	3
836	6	6	3	6	6	6	1	6	4	3	5	6	6	1	6	3	3	6	1	6	6	3	6	6
837	6	6	6	6	6	6	6	6	6	6	6	6	6	6	6	6	6	6	6	6	6	6	6	6
838	1	1	1	1	1	1	1	1	1	1	1	1	1	1	1	1	1	1	1	1	1	1	1	1
839	6	5	4	3	6	6	1	6	6	6	6	6	1	6	6	6	6	6	1	6	6	6	6	6
840	1	1	1	6	6	6	1	1	1	6	6	6	6	6	6	6	6	6	1	6	6	6	6	6
841	6	6	6	6	6	6	1	6	6	6	6	6	6	6	6	6	6	6	1	6	6	6	6	6
842	6	6	6	6	6	6	1	1	1	4	5	5	3	4	3	5	3	6	1	3	3	3	6	6
843	1	1	1	2	3	1	1	1	1	1	2	1	1	1	1	1	1	1	1	1	1	2	1	1
844	1	1	1	1	1	1	1	1	1	1	1	1	1	1	1	1	1	1	1	1	1	1	1	1
845	2	5	3	5	5	1	4	5	2	6	3	4	2	6	3	6	4	4	6	4	4	1	5	4
846	1	1	1	1	2	6	1	1	4	4	5	6	1	5	5	3	5	6	1	4	5	5	5	6
847	6	6	6	4	6	6	6	6	5	6	6	6	6	6	6	6	5	6	4	6	6	6	3	6
848	1	1	1	1	1	1	1	1	1	1	1	1	1	1	1	1	1	1	1	1	1	1	1	1
849	6	6	6	6	6	6	1	6	6	6	6	6	6	6	6	6	6	6	1	6	6	6	6	6
850	3	3	3	3	3	3	4	4	4	4	4	4	2	2	2	2	2	2	3	3	3	3	3	3
851	6	6	6	6	6	6	6	6	6	6	6	6	6	6	6	6	6	6	6	6	6	6	6	6
852	1	1	1	1	1	1	1	1	1	1	1	1	1	1	1	1	1	1	1	1	1	1	1	1
853	1	1	1	1	1	1	1	1	1	1	1	1	1	1	1	1	1	1	1	1	1	1	1	1
854	4	2	6	3	1	5	4	2	5	6	2	4	1	5	6	4	3	1	4	1	2	6	2	4
855	1	1	1	6	6	6	1	1	1	6	6	6	1	6	6	6	6	6	1	1	1	6	6	6
856	1	6	6	6	6	6	1	6	6	6	6	6	1	6	6	6	6	6	1	1	6	6	6	6
857	6	6	6	6	6	6	1	6	6	6	6	6	6	6	6	6	6	6	1	6	6	6	6	6
858	6	6	6	6	6	6	1	6	6	6	6	6	6	6	6	6	6	6	1	6	6	6	6	6
859	1	1	4	6	6	6	1	1	1	4	4	6	1	1	1	4	4	6	1	1	1	1	4	6
860	6	6	6	6	6	6	1	6	6	6	6	6	6	6	6	6	6	6	1	6	6	6	6	6
861	4	5	6	6	6	6	1	4	5	6	6	6	5	4	5	6	6	6	3	3	6	6	6	6
862	5	5	6	6	6	6	6	6	6	6	6	6	6	6	6	6	6	6	6	6	6	6	6	6
863	3	5	5	5	6	6	4	5	5	5	6	6	4	5	5	5	5	5	3	5	5	5	5	6
864	1	3	5	6	4	3	4	4	1	3	4	5	1	2	3	4	5	6	1	2	3	4	5	6
865	1	1	1	1	6	6	1	1	1	6	6	6	1	1	1	1	6	6	1	1	1	6	6	6
866	3	6	6	6	6	6	3	5	6	6	6	6	6	6	6	6	6	6	1	1	6	6	6	6
867	1	6	6	6	6	6	1	1	6	6	6	6	1	6	6	6	6	6	1	1	1	6	6	6
868	1	1	1	1	1	1	1	1	1	1	1	1	1	1	1	1	1	1	1	1	1	1	1	1
869	1	6	6	6	6	6	1	1	1	6	6	6	1	1	6	6	6	6	1	1	1	6	6	6
870	6	6	6	6	6	6	6	6	6	6	6	6	6	6	6	6	6	6	6	6	6	6	6	6
871	4	3	3	3	3	3	3	3	3	3	3	3	3	3	3	3	3	2	3	3	3	3	3	3
872	5	5	5	5	6	6	4	5	5	5	6	6	5	6	5	6	6	5	4	5	5	6	5	6
873	3	3	3	3	3	6	1	1	5	5	3	6	6	6	6	6	6	6	1	3	6	6	6	6
874	6	6	6	6	6	6	1	6	6	6	6	6	6	6	6	6	6	6	1	6	6	6	6	6
875	1	6	6	6	6	6	1	1	1	6	6	6	6	6	6	6	6	6	1	1	6	6	6	6
876	1	1	1	1	1	1	6	1	1	1	1	1	1	1	1	1	1	1	6	1	1	1	1	1
877	4	5	2	5	4	1	5	6	5	1	4	5	2	5	4	2	5	4	2	4	5	6	5	4
878	6	6	6	6	6	6	1	6	6	6	6	6	6	6	6	6	6	6	2	6	6	6	6	6
879	3	3	3	3	6	6	1	1	1	1	1	1	3	2	1	1	1	1	6	6	6	6	6	6
880	6	6	6	6	6	6	1	6	6	6	6	6	6	6	6	6	6	6	1	6	6	6	6	6
881	1	6	1	6	5	6	1	1	5	5	6	6	1	2	3	6	4	5	3	4	2	3	6	6
882	6	6	6	6	6	6	1	6	6	6	6	6	6	6	6	6	6	6	1	1	6	6	6	6
883	1	1	1	1	1	1	1	1	1	1	1	1	1	1	1	1	1	1	1	1	1	1	1	1
884	1	1	1	1	1	1	1	6	6	6	6	6	1	1	1	1	1	1	1	1	1	1	1	1
885	1	1	6	6	6	6	1	1	1	6	6	6	1	1	1	1	6	6	1	1	1	1	6	6
886	4	3	4	3	3	3	3	3	3	3	3	3	3	3	3	2	3	3	3	3	3	3	3	3
887	6	6	6	6	6	6	1	6	6	6	6	6	6	6	6	6	6	6	1	6	6	6	6	6
888	6	6	6	6	6	6	1	6	6	6	6	6	1	6	6	6	6	6	1	1	6	6	6	6
889	1	1	1	1	1	1	1	1	1	1	1	1	1	1	1	1	1	1	1	1	1	1	1	1
890	6	6	6	6	6	6	1	6	6	6	6	6	3	3	6	6	6	6	1	1	2	2	5	6
891	6	6	6	6	6	6	1	6	6	6	6	6	6	6	6	6	6	6	1	6	6	6	6	6
892	1	6	6	6	6	6	1	1	6	6	6	6	1	1	3	6	6	6	1	1	1	6	6	6
893	1	1	1	1	1	1	1	1	1	1	1	1	1	1	1	1	1	1	1	1	1	1	1	6
894	4	3	3	3	6	6	1	1	3	5	6	6	2	3	3	4	4	6	1	4	3	3	6	6
895	1	1	1	1	6	6	1	1	1	1	6	6	1	1	6	6	6	6	1	1	6	6	6	6
896	1	1	1	6	6	6	1	1	6	6	6	6	1	1	6	6	6	6	1	1	6	6	6	6
897	1	6	6	6	6	6	1	6	6	6	6	6	6	6	6	6	6	6	1	1	6	6	6	6
898	6	6	6	6	6	6	1	6	6	6	6	6	6	6	6	6	6	6	1	6	6	6	6	6
899	6	6	6	6	6	6	1	6	6	6	6	6	6	6	6	6	6	6	1	6	6	6	6	6
900	5	6	6	6	6	6	1	6	6	6	6	6	6	6	6	6	6	6	1	5	6	6	6	6
901	1	1	1	1	1	1	1	1	1	1	1	1	1	1	1	1	1	1	1	1	1	1	1	1
902	4	4	4	4	4	3	4	4	4	4	4	3	4	4	4	4	4	3	4	4	4	4	3	3
903	1	1	1	1	6	6	1	1	1	1	6	6	1	1	1	1	6	6	1	1	1	1	6	6
904	6	6	6	6	6	6	2	6	6	6	6	6	6	6	6	6	6	6	1	6	6	6	6	6
905	1	1	1	1	1	1	1	1	1	1	1	1	1	1	1	1	1	1	1	1	1	1	1	1
906	6	6	6	6	6	6	1	6	6	6	6	6	6	6	6	6	6	6	1	6	6	6	6	6
907	6	6	6	6	6	6	1	6	6	6	6	6	6	6	6	6	6	6	1	6	6	6	6	6
908	1	1	1	1	1	1	1	1	1	1	1	1	1	1	1	1	1	1	1	1	1	1	1	1
909	1	6	6	6	6	6	1	6	6	6	6	6	1	6	6	6	6	6	1	6	6	6	6	6
910	6	6	6	6	6	6	1	6	6	6	6	6	6	6	6	6	6	6	1	6	6	6	6	6
911	6	6	6	6	6	6	1	6	6	6	6	6	6	6	6	6	6	6	1	6	6	6	6	6
912	6	6	6	6	6	6	6	6	6	6	6	6	6	6	6	6	6	6	6	6	6	6	6	6
913	1	2	2	3	3	3	1	6	6	6	6	6	1	1	6	6	6	6	1	1	1	6	6	6
914	6	6	6	6	6	6	6	6	6	6	6	6	6	6	6	6	6	6	6	6	6	6	6	6
915	1	1	1	1	1	1	1	1	1	1	1	3	1	1	1	1	3	3	1	1	1	1	2	2
916	6	6	6	6	6	6	1	6	6	6	6	6	6	6	6	6	6	6	1	6	6	6	6	6
917	1	1	1	1	6	6	1	1	1	1	6	6	1	1	1	1	1	6	1	1	1	1	1	6
918	6	6	6	6	6	6	6	6	6	6	6	6	6	6	6	6	6	6	1	1	1	1	1	1
919	6	6	3	6	6	6	1	6	6	6	6	6	6	6	6	6	6	6	1	6	6	6	6	6
920	1	6	6	6	6	6	1	6	6	6	6	6	6	6	6	6	6	6	1	1	6	6	6	6
921	1	1	1	1	6	6	1	1	1	6	6	6	1	1	6	6	6	6	1	1	6	6	6	6
922	1	1	1	1	1	1	1	1	1	1	1	1	1	1	1	1	1	1	1	1	1	1	1	1
923	1	1	1	1	1	1	6	1	1	1	1	1	1	1	1	1	1	1	6	1	1	1	1	1
924	1	1	1	1	6	6	1	1	4	3	5	6	3	4	5	3	4	3	1	1	6	6	6	6
925	6	3	6	6	6	6	1	1	4	6	6	6	3	6	6	6	6	6	1	2	6	6	6	6
926	1	1	1	1	1	1	1	1	1	1	1	1	1	1	1	1	1	1	1	1	1	1	1	1
927	6	6	6	6	6	6	5	6	6	6	6	6	6	6	6	6	6	6	5	6	6	6	6	6
928	6	6	6	6	6	6	1	6	6	6	6	6	1	1	1	1	3	3	1	1	3	3	6	6
929	1	1	1	6	6	6	6	6	6	6	6	6	6	6	6	6	6	6	1	6	6	6	6	6
930	4	6	6	6	6	6	4	4	4	6	6	6	4	4	6	6	6	6	4	4	4	4	6	6
931	1	1	1	1	6	6	1	1	1	6	6	6	1	1	1	1	6	6	1	1	1	1	6	6
932	3	3	3	3	1	1	3	3	3	3	1	1	3	3	3	3	1	1	3	3	3	2	1	1
933	3	4	6	6	6	6	1	2	5	6	6	6	1	3	3	6	3	6	1	1	3	3	6	6
934	6	6	6	6	6	6	6	6	6	6	6	6	6	6	6	6	6	6	6	6	6	6	6	6
935	1	1	1	1	1	1	1	1	1	1	1	1	1	1	1	1	1	1	1	1	1	1	1	1
936	3	3	3	3	3	2	3	3	3	3	3	2	3	3	3	3	3	2	4	4	6	4	4	6
937	3	4	4	4	5	6	1	4	3	4	5	6	3	3	4	4	4	6	1	1	4	5	5	4
938	6	6	6	6	6	6	1	6	6	6	6	6	6	6	6	6	6	6	1	6	6	6	6	6
939	6	6	6	6	6	6	1	6	6	6	6	6	6	6	6	6	6	6	1	6	6	6	6	6
940	1	1	1	1	1	1	1	1	1	1	1	1	1	1	1	1	1	1	1	1	1	1	1	1
941	6	6	6	6	6	6	1	6	6	6	6	6	6	6	6	6	6	6	6	6	6	6	6	6
942	1	6	6	6	6	6	1	6	6	6	6	6	6	6	6	6	6	6	1	6	6	6	6	6
943	1	6	6	6	6	6	1	6	6	6	6	6	6	6	6	6	6	6	1	6	6	6	6	6
944	5	4	1	6	3	3	2	3	4	1	5	3	2	1	4	2	5	3	5	6	4	2	3	3
945	1	1	1	1	1	1	1	1	1	1	1	1	1	1	1	1	1	1	1	1	1	1	1	1
946	6	6	6	6	6	6	6	6	6	6	6	6	6	6	6	6	6	6	2	6	6	6	6	6
947	6	6	6	6	6	6	1	6	6	6	6	6	6	6	6	6	6	6	1	6	6	6	6	6
948	1	1	1	1	1	1	1	1	1	1	1	1	1	1	1	1	1	1	1	1	1	1	1	1
949	6	6	6	6	6	6	1	6	6	6	6	6	6	6	6	6	6	6	1	6	6	6	6	6
950	1	1	1	6	1	1	1	1	1	1	1	1	1	1	1	1	1	1	1	1	1	1	1	1
951	6	6	6	6	6	6	4	6	6	6	6	6	6	6	6	6	6	6	4	6	6	6	6	6
952	6	6	6	6	6	6	1	6	6	6	6	6	6	6	6	6	6	6	1	6	6	6	6	6
953	1	6	6	6	6	6	1	6	6	6	6	6	6	6	6	6	6	6	1	6	6	6	6	6
954	6	6	6	6	6	6	1	6	6	6	6	6	6	6	6	6	6	6	1	6	6	6	6	6
955	1	1	1	1	1	1	1	1	1	1	1	1	1	1	1	1	1	1	1	1	1	1	1	1
956	6	6	6	6	6	6	1	6	6	6	6	6	6	6	6	6	6	6	1	6	6	6	6	6
957	1	1	1	1	1	1	1	1	1	1	1	1	1	1	1	1	1	1	1	1	1	1	1	1
958	1	1	1	1	1	1	6	1	1	1	1	1	1	1	1	1	1	1	6	1	1	1	1	1
959	6	6	6	6	6	6	1	6	6	6	6	6	6	6	6	6	6	6	1	6	6	6	6	6
960	6	6	6	6	6	6	1	6	6	6	6	6	6	6	6	6	6	6	1	1	6	6	6	6
961	1	1	2	1	2	2	1	2	2	1	2	1	2	1	2	2	1	2	1	2	2	1	2	1
962	6	6	6	6	6	6	1	6	6	6	6	6	6	6	6	6	6	6	6	6	6	6	6	6
963	6	6	6	6	6	6	1	6	6	6	6	6	6	6	6	6	6	6	1	1	6	6	6	6
964	6	6	6	6	6	6	1	6	6	6	6	6	6	6	5	6	6	6	1	1	6	6	6	6
965	6	6	6	2	6	5	6	6	6	1	4	2	4	1	6	6	6	2	1	1	5	5	2	5
966	1	1	1	1	1	1	1	1	1	1	1	1	1	1	1	1	1	1	6	1	1	1	1	1
967	6	6	6	6	6	6	1	6	6	6	6	6	6	6	6	6	6	6	1	6	6	6	6	6
968	1	1	1	6	6	6	1	1	1	6	6	6	1	1	1	1	6	6	1	1	1	1	6	6
969	6	6	6	6	6	6	1	6	6	6	6	6	6	6	6	6	6	6	1	6	6	6	6	6
970	6	6	6	6	6	6	1	6	6	6	6	6	6	6	6	6	6	6	1	6	6	6	6	6
971	4	3	6	6	6	6	4	6	6	6	6	6	6	6	6	6	6	6	1	6	6	6	6	6
972	1	1	1	1	1	1	1	1	1	1	1	1	1	1	1	1	1	1	1	1	1	1	1	6
973	1	1	1	1	1	1	1	1	1	1	1	1	1	1	1	1	1	1	6	1	1	1	1	1
974	3	3	3	3	3	6	3	3	3	3	3	3	3	3	3	3	3	3	3	3	3	3	3	3
975	5	5	5	5	5	5	3	3	5	5	5	3	3	3	3	3	3	5	2	3	5	5	5	5
976	1	1	1	6	6	6	1	1	1	3	6	6	1	1	1	6	6	6	1	1	1	6	6	6
977	1	5	5	6	2	5	1	6	6	6	6	6	1	6	6	6	6	6	1	6	6	6	6	6
978	1	6	6	6	6	6	1	1	6	6	6	6	6	6	6	6	6	6	1	6	6	6	6	6
979	6	6	6	6	6	6	1	6	6	6	6	6	6	6	6	6	6	6	6	6	6	6	6	6
980	3	3	3	4	4	3	3	4	3	4	3	2	3	3	4	3	3	2	4	3	3	3	3	2
981	6	6	4	6	6	6	1	6	6	6	6	6	1	6	1	6	6	6	1	1	1	5	1	4
982	6	6	6	6	6	6	1	6	6	6	6	6	6	6	6	6	6	6	1	6	6	6	6	6
983	6	6	6	6	6	6	1	6	6	6	6	6	6	6	6	6	6	6	1	6	6	6	6	6
984	4	4	4	5	5	5	1	1	4	4	5	6	1	3	5	6	6	6	3	4	4	4	6	6
985	1	2	2	5	2	3	1	5	2	1	4	1	1	5	2	2	1	4	2	5	2	4	1	1
986	1	2	2	5	5	5	1	1	3	5	5	5	1	2	4	4	5	5	1	1	3	5	5	5
987	1	6	6	6	6	6	1	6	6	6	6	6	6	6	6	6	6	6	1	6	6	6	6	6
988	1	1	1	1	1	4	1	4	1	4	1	4	4	4	4	4	4	4	4	2	4	4	4	4
989	4	3	4	3	4	3	4	4	4	4	4	3	4	4	4	4	4	4	4	4	4	4	3	5
990	6	6	6	6	6	6	6	6	6	6	6	6	6	6	6	6	6	6	6	6	6	6	6	6
991	1	5	2	5	1	2	5	1	2	2	5	2	2	3	5	2	2	6	1	1	5	1	1	1
992	6	6	6	6	6	6	1	6	6	6	6	6	6	6	6	6	6	6	1	6	6	6	6	6
993	1	1	1	1	1	1	1	1	1	1	1	1	1	1	1	2	2	3	1	1	2	3	3	6
994	6	5	4	6	6	6	4	6	6	6	6	6	6	6	6	6	6	6	6	6	6	6	6	6
995	1	1	1	1	1	1	1	1	1	1	1	1	1	1	1	1	1	1	1	1	1	1	1	1
996	3	3	3	3	3	6	1	1	4	6	6	6	1	1	1	1	1	6	1	1	1	2	3	6
997	6	6	6	6	6	6	1	6	6	6	6	6	6	6	6	6	6	6	1	6	6	6	6	6
998	6	6	6	6	6	6	1	6	6	6	6	6	6	6	6	6	6	6	1	6	6	6	6	6
999	6	6	6	6	6	6	1	6	6	6	6	6	6	6	6	6	6	6	1	6	6	6	6	6
1000	1	1	1	1	1	1	1	1	1	1	1	1	1	1	1	1	1	1	1	1	1	1	1	1
1001	6	6	6	6	6	6	1	6	6	6	6	6	6	6	6	6	6	6	1	6	6	6	6	6
1002	1	1	1	1	1	1	1	1	1	6	6	6	1	6	6	6	6	6	1	1	6	6	6	6
1003	1	1	1	1	6	6	1	1	1	6	6	6	6	6	6	6	6	6	1	6	6	6	6	6
1004	4	4	4	5	5	5	6	6	6	6	6	6	6	6	6	6	6	6	1	1	2	6	6	6
1005	3	3	3	3	4	4	4	4	4	3	3	4	3	4	3	3	3	4	3	3	4	4	4	4
1006	6	6	6	6	6	6	5	6	6	6	6	6	6	6	6	6	6	6	1	6	6	6	6	6
1007	1	6	6	6	.	6	1	3	6	6	6	6	1	1	6	6	6	.	6	6	6	6	6	6
1008	3	4	3	4	3	3	3	3	3	3	3	3	4	4	3	3	4	3	4	2	4	3	4	2
1009	1	1	1	1	1	1	1	1	1	1	1	1	1	1	1	1	1	1	1	1	1	1	1	1
1010	6	6	6	6	6	6	1	6	6	6	6	6	5	6	6	6	6	6	1	6	6	6	6	6
1011	1	1	1	1	1	1	1	1	1	1	1	1	1	1	1	1	1	1	1	1	1	1	1	1
1012	1	4	5	6	5	1	1	4	2	6	5	4	1	2	6	4	4	3	1	5	6	1	3	1
1013	1	1	1	1	6	6	3	1	3	6	6	6	1	1	3	1	6	6	1	1	3	3	6	6
1014	6	6	6	6	6	6	1	6	6	6	6	6	6	6	6	6	6	6	6	6	6	6	6	6
1015	6	6	6	6	6	6	1	6	6	6	6	6	6	6	3	6	6	6	1	6	6	6	6	6
1016	6	6	6	6	6	6	6	5	6	6	6	6	6	6	6	6	6	6	6	6	6	6	6	6
1017	6	6	6	6	6	6	3	6	6	6	6	6	6	6	6	6	6	6	3	6	6	6	6	6
1018	1	1	1	1	1	1	1	1	1	1	1	1	1	1	1	1	1	1	1	1	1	1	1	1
1019	1	6	3	2	1	3	1	5	2	2	5	6	1	2	3	5	2	2	1	5	2	2	5	5
1020	6	6	6	6	6	6	6	6	6	6	6	6	6	6	6	6	6	6	6	6	6	6	6	6
1021	1	1	1	1	1	1	1	1	1	1	1	1	1	1	1	1	1	1	1	1	1	1	1	1
1022	5	2	3	5	3	5	2	5	2	4	5	5	3	3	6	2	2	6	5	3	6	3	5	2
1023	1	1	1	1	6	6	1	1	1	1	6	6	1	1	1	1	6	6	1	1	1	1	6	6
1024	1	1	1	1	6	6	1	1	1	6	6	6	1	1	1	1	6	6	1	1	1	6	6	6
1025	6	6	6	6	6	6	1	6	6	6	6	6	6	6	6	6	6	6	1	6	6	6	6	6
1026	6	6	6	6	6	6	1	6	6	6	6	6	6	6	6	6	6	6	1	6	6	6	6	6
1027	6	6	6	6	6	6	1	6	6	6	6	6	6	6	6	6	6	6	1	6	6	6	6	6
1028	6	6	6	6	6	6	6	6	6	6	6	6	6	6	6	6	6	6	6	6	6	6	6	6
1029	1	3	4	4	6	6	6	1	3	3	6	6	6	6	6	6	6	6	6	6	6	6	6	6
1030	1	6	6	6	6	6	1	1	1	6	6	6	1	1	1	6	6	6	1	1	1	6	6	6
1031	2	2	1	2	1	2	3	1	1	2	2	2	1	1	2	2	2	2	2	2	2	2	2	3
1032	6	6	6	6	6	6	1	6	6	6	6	6	6	6	6	6	6	6	1	6	6	6	6	6
1033	2	1	1	1	1	6	1	1	1	1	5	5	1	1	1	1	1	3	1	1	1	3	3	2
1034	2	3	2	2	2	1	1	1	1	1	1	1	1	1	1	1	1	1	1	1	1	1	1	1
1035	6	6	6	6	6	6	6	6	6	6	6	6	6	6	6	6	6	6	6	6	6	6	6	6
1036	1	6	6	6	6	6	6	6	6	6	6	6	1	6	6	6	6	6	1	1	1	1	6	6
1037	3	1	3	3	5	3	1	1	1	6	3	6	3	5	3	5	3	3	3	5	2	2	5	2
1038	6	6	6	6	6	6	1	6	6	6	6	6	1	6	6	6	6	6	1	1	6	6	6	6
1039	1	1	1	1	1	1	1	1	1	1	6	6	1	1	1	6	6	6	1	1	1	6	6	6
1040	2	5	5	6	6	6	1	1	4	6	6	6	1	1	6	6	6	6	1	1	3	6	6	6
1041	5	5	5	6	5	2	2	4	1	1	4	2	1	1	4	2	1	4	3	2	5	2	4	2
1042	1	1	1	6	6	6	1	1	1	6	6	6	6	6	6	6	6	6	1	1	1	6	6	6
1043	1	4	3	2	5	2	4	1	2	4	1	1	4	6	4	5	1	4	4	2	5	1	4	5
1044	1	2	1	1	4	1	4	4	1	4	4	4	1	1	4	4	4	1	4	1	4	1	4	4
1045	4	6	6	6	6	6	1	2	5	6	6	6	1	6	6	6	6	6	1	5	5	6	6	6
1046	6	6	6	6	6	6	4	6	6	6	6	6	6	6	6	6	6	6	3	6	6	6	6	6
1047	1	1	1	1	1	1	1	1	1	1	1	1	6	6	6	6	6	6	1	1	1	6	6	6
1048	3	3	5	2	1	2	5	2	1	1	2	2	2	1	5	1	4	1	1	2	5	2	2	5
1049	1	1	1	1	1	1	1	1	1	1	1	1	1	1	1	1	1	1	1	1	1	1	1	1
1050	6	6	6	6	6	6	1	6	6	6	6	6	6	6	6	6	6	6	1	6	6	6	6	6
1051	1	1	1	1	1	6	1	1	1	1	6	6	1	1	1	1	1	1	1	1	1	1	1	6
1052	4	5	5	5	5	5	5	5	5	5	5	5	5	5	5	5	5	5	5	5	5	5	5	5
1053	4	3	3	3	1	6	3	3	3	3	3	6	1	2	3	3	5	6	1	4	3	3	3	6
1054	1	1	1	1	6	6	1	1	6	5	6	6	1	1	5	5	6	6	1	6	6	6	6	6
1055	1	6	6	6	6	6	1	1	1	1	6	6	1	1	1	1	1	6	1	1	1	1	1	6
1056	3	4	4	4	3	3	3	3	3	3	3	3	3	3	3	3	3	3	3	3	3	3	3	3
1057	1	1	2	1	2	1	2	2	2	1	2	1	2	2	4	2	1	2	2	2	2	2	2	2
1058	1	1	1	1	1	1	1	1	1	6	6	6	1	1	1	6	6	6	1	1	1	6	6	6
1059	3	5	4	2	6	2	2	5	4	2	4	2	4	2	3	6	5	1	1	4	2	4	5	2
1060	1	1	1	4	1	1	1	4	1	1	4	1	1	4	1	2	5	1	1	4	1	4	1	1
1061	6	3	1	3	5	6	6	6	6	6	6	6	6	6	6	6	6	6	6	6	6	6	6	6
1062	1	5	5	4	5	5	1	5	5	5	5	5	3	4	2	5	4	5	2	3	5	5	2	2
1063	1	1	1	6	6	6	1	1	1	6	6	6	6	6	6	6	6	6	6	6	6	6	6	6
1064	6	6	6	6	6	6	1	6	6	6	6	6	6	6	6	6	6	6	3	6	6	6	6	6
1065	6	6	6	6	6	6	3	1	6	6	6	6	3	4	6	6	6	6	3	1	3	6	6	6
1066	6	6	6	6	6	6	1	6	6	6	6	6	6	6	6	6	6	6	1	6	6	6	6	6
1067	6	5	5	5	5	5	5	6	3	4	4	5	6	4	5	6	5	6	4	5	6	5	6	6
1068	6	6	.	6	.	6	6	6	6	6	6	6	4	4	5	5	5	5	5	5	5	5	6	5
1069	1	1	6	6	6	6	1	1	6	6	6	6	6	1	6	6	6	6	1	1	6	6	6	6
1070	5	4	6	1	3	5	2	5	4	6	2	5	3	2	2	6	4	4	2	1	5	5	6	3
1071	1	1	3	6	6	6	1	1	1	6	6	6	1	1	1	6	6	6	1	1	1	6	6	6
1072	1	2	3	2	4	6	1	1	1	1	6	6	2	3	3	6	6	6	1	1	3	2	6	6
1073	6	6	6	6	6	6	1	1	6	6	6	6	1	1	6	6	6	6	1	1	6	6	6	6
1074	4	3	3	4	4	4	5	3	3	4	4	3	3	3	3	4	4	4	2	2	4	4	3	2
1075	6	6	6	6	6	6	6	6	6	6	6	6	6	6	6	6	6	6	6	6	6	6	6	6
1076	6	6	6	6	6	6	1	6	6	6	6	6	6	6	6	6	6	6	1	6	6	6	6	6
1077	6	6	6	6	6	6	1	6	6	6	6	6	6	6	6	6	6	6	1	6	6	6	6	6
1078	3	3	3	2	2	6	3	3	3	3	6	6	1	5	5	2	5	6	1	1	5	4	6	6
1079	6	6	6	6	6	6	1	6	6	6	6	6	6	6	6	6	6	6	1	6	6	6	6	6
1080	6	6	6	6	6	6	1	6	6	6	6	6	6	6	6	6	6	6	1	6	6	6	6	6
1081	6	3	6	6	6	6	1	6	6	6	6	6	6	6	6	6	6	6	1	1	6	6	6	6
1082	6	6	6	6	6	6	1	6	6	6	6	6	6	6	6	6	6	6	1	6	6	6	6	6
1083	1	2	2	6	6	6	1	2	3	6	6	6	1	6	6	6	6	6	1	1	2	6	6	6
1084	1	2	4	5	6	6	1	4	2	5	3	6	1	4	2	5	3	6	1	4	2	5	3	6
1085	1	1	1	1	1	1	1	1	1	1	1	1	1	1	1	1	1	1	1	1	1	1	1	1
1086	1	4	5	5	5	5	5	5	5	5	5	5	4	4	4	4	4	4	1	1	4	5	3	3
1087	6	6	6	6	6	6	1	6	6	6	6	6	6	6	6	6	6	6	1	6	6	6	6	6
1088	6	6	6	6	6	6	6	6	6	6	6	6	6	6	6	6	6	6	6	6	6	6	6	6
1089	1	4	3	6	6	6	1	1	1	6	6	6	1	1	1	6	6	6	1	1	1	1	6	6
1090	6	6	6	6	6	6	4	6	6	6	6	6	6	6	6	6	6	6	3	6	6	6	6	6
1091	6	6	6	6	6	6	1	6	6	6	6	6	6	6	6	6	6	6	1	6	6	6	6	6
1092	1	2	1	1	6	6	1	1	1	1	6	6	1	1	1	1	6	6	1	1	1	1	6	6
1093	1	1	1	1	1	1	1	1	1	1	1	1	1	1	1	1	1	1	1	1	1	1	1	1
1094	1	4	4	4	6	6	1	1	4	4	6	6	1	4	4	4	6	6	1	1	2	4	4	6
1095	1	1	1	1	1	1	1	1	1	1	1	1	1	1	1	1	1	1	1	1	1	1	1	1
1096	4	3	4	3	3	3	6	4	3	3	3	3	4	3	4	3	3	3	5	3	3	3	3	3
1097	6	6	3	6	6	6	1	6	6	6	6	6	6	6	6	6	6	6	1	1	5	6	6	6
1098	6	6	6	6	6	6	1	6	6	6	6	6	6	6	6	6	6	6	1	6	6	6	6	6
1099	1	1	1	1	1	1	3	1	1	1	1	1	1	1	1	1	1	1	1	1	1	1	1	1
1100	3	6	5	6	6	6	1	6	6	6	6	6	6	6	6	6	6	6	1	1	6	6	6	6